01010001
01010001
01010000
01001111
01001110
01001011
01001001
01000110
01000010
00111111
00111010
00110110
00110001
00101100
00100111
00100001
00011011
00010101
00001111
00001001
00000011
11111100
11110110
11110000
11101010
11100100
11011110
11011000
11010011
11001110
11001001
11000100
11000000
10111100
10111001
10110110
10110011
10110001
10110000
10101110
10101110
10101110
10101110
10101111
10110000
10110001
10110100
10110110
10111001
10111101
11000000
11000101
11001001
11001110
11010011
11011001
11011110
11100100
11101010
11110000
11110110
11111101
00000011
00001001
00001111
00010110
00011100
00100001
00100111
00101100
00110010
00110110
00111011
00111111
01000011
01000110
01001001
01001100
01001110
01001111
01010001
01010001
01010001
01010001
01010000
01001111
01001101
01001011
01001001
01000110
01000010
00111110
00111010
00110110
00110001
00101100
00100110
00100000
00011011
00010101
00001111
00001000
00000010
11111100
11110101
11101111
11101001
11100011
11011101
11011000
11010010
11001101
11001000
11000100
11000000
10111100
10111001
10110110
10110011
10110001
10110000
10101110
10101110
10101110
10101110
10101111
10110000
10110010
10110100
10110110
10111010
10111101
11000001
11000101
11001010
11001111
11010100
11011001
11011111
11100101
11101011
11110001
11110111
11111101
00000100
00001010
00010000
00010110
00011100
00100010
00100111
00101101
00110010
00110111
00111011
00111111
01000011
01000110
01001001
01001100
01001110
01001111
01010001
01010001
01010001
01010001
01010000
01001111
01001101
01001011
01001000
01000101
01000010
00111110
00111010
00110101
00110000
00101011
00100110
00100000
00011010
00010100
00001110
00001000
00000001
11111011
11110101
11101111
11101001
11100011
11011101
11010111
11010010
11001101
11001000
11000100
11000000
10111100
10111000
10110110
10110011
10110001
10101111
10101110
10101110
10101110
10101110
10101111
10110000
10110010
10110100
10110111
10111010
10111101
11000001
11000101
11001010
11001111
11010100
11011010
11011111
11100101
11101011
11110001
11110111
11111110
00000100
00001010
00010000
00010111
00011100
00100010
00101000
00101101
00110010
00110111
00111100
01000000
01000011
01000111
01001010
01001100
01001110
01010000
01010001
01010001
01010001
01010001
01010000
01001111
01001101
01001011
01001000
01000101
01000010
00111110
00111001
00110101
00110000
00101011
00100101
00100000
00011010
00010100
00001101
00000111
00000001
11111011
11110100
11101110
11101000
11100010
11011100
11010111
11010010
11001101
11001000
11000011
10111111
10111100
10111000
10110101
10110011
10110001
10101111
10101110
10101110
10101110
10101110
10101111
10110000
10110010
10110100
10110111
10111010
10111110
11000001
11000110
11001010
11001111
11010101
11011010
11100000
11100110
11101100
11110010
11111000
11111110
00000101
00001011
00010001
00010111
00011101
00100011
00101000
00101110
00110011
00110111
00111100
01000000
01000100
01000111
01001010
01001100
01001110
01010000
01010001
01010001
01010001
01010001
01010000
01001111
01001101
01001011
01001000
01000101
01000001
00111101
00111001
00110100
00101111
00101010
00100101
00011111
00011001
00010011
00001101
00000111
00000001
11111010
11110100
11101110
11101000
11100010
11011100
11010110
11010001
11001100
11000111
11000011
10111111
10111011
10111000
10110101
10110011
10110001
10101111
10101110
10101110
10101110
10101110
10101111
10110000
10110010
10110100
10110111
10111010
10111110
11000010
11000110
11001011
11010000
11010101
11011010
11100000
11100110
11101100
11110010
11111000
11111111
00000101
00001011
00010001
00011000
00011101
00100011
00101001
00101110
00110011
00111000
00111100
01000000
01000100
01000111
01001010
01001100
01001110
01010000
01010001
01010001
01010001
01010001
01010000
01001111
01001101
01001011
01001000
01000101
01000001
00111101
00111001
00110100
00101111
00101010
00100100
00011111
00011001
00010011
00001101
00000110
00000000
11111010
11110011
11101101
11100111
11100001
11011100
11010110
11010001
11001100
11000111
11000011
10111111
10111011
10111000
10110101
10110011
10110001
10101111
10101110
10101110
10101110
10101110
10101111
10110000
10110010
10110101
10110111
10111011
10111110
11000010
11000110
11001011
11010000
11010101
11011011
11100001
11100111
11101101
11110011
11111001
11111111
00000110
00001100
00010010
00011000
00011110
00100100
00101001
00101110
00110011
00111000
00111101
01000001
01000100
01000111
01001010
01001101
01001110
01010000
01010001
01010001
01010001
01010001
01010000
01001111
01001101
01001010
01001000
01000100
01000001
00111101
00111000
00110100
00101111
00101001
00100100
00011110
00011000
00010010
00001100
00000110
00000000
11111001
11110011
11101101
11100111
11100001
11011011
11010110
11010000
11001011
11000111
11000010
10111110
10111011
10110111
10110101
10110010
10110000
10101111
10101110
10101110
10101110
10101110
10101111
10110001
10110010
10110101
10111000
10111011
10111110
11000010
11000111
11001100
11010001
11010110
11011011
11100001
11100111
11101101
11110011
11111001
00000000
00000110
00001100
00010010
00011000
00011110
00100100
00101010
00101111
00110100
00111001
00111101
01000001
01000100
01001000
01001010
01001101
01001111
01010000
01010001
01010001
01010001
01010001
01010000
01001110
01001100
01001010
01000111
01000100
01000000
00111100
00111000
00110011
00101110
00101001
00100011
00011110
00011000
00010010
00001100
00000101
11111111
11111001
11110010
11101100
11100110
11100000
11011011
11010101
11010000
11001011
11000110
11000010
10111110
10111010
10110111
10110100
10110010
10110000
10101111
10101110
10101110
10101110
10101110
10101111
10110001
10110011
10110101
10111000
10111011
10111111
11000011
11000111
11001100
11010001
11010110
11011100
11100010
11100111
11101110
11110100
11111010
00000000
00000111
00001101
00010011
00011001
00011111
00100101
00101010
00101111
00110100
00111001
00111101
01000001
01000101
01001000
01001011
01001101
01001111
01010000
01010001
01010001
01010001
01010001
01010000
01001110
01001100
01001010
01000111
01000100
01000000
00111100
00111000
00110011
00101110
00101001
00100011
00011101
00010111
00010001
00001011
00000101
11111110
11111000
11110010
11101100
11100110
11100000
11011010
11010101
11010000
11001011
11000110
11000010
10111110
10111010
10110111
10110100
10110010
10110000
10101111
10101110
10101110
10101110
10101110
10101111
10110001
10110011
10110101
10111000
10111011
10111111
11000011
11001000
11001100
11010001
11010111
11011100
11100010
11101000
11101110
11110100
11111010
00000001
00000111
00001101
00010011
00011001
00011111
00100101
00101010
00110000
00110101
00111001
00111110
01000001
01000101
01001000
01001011
01001101
01001111
01010000
01010001
01010001
01010001
01010001
01010000
01001110
01001100
01001010
01000111
01000011
01000000
00111100
00110111
00110010
00101101
00101000
00100011
00011101
00010111
00010001
00001011
00000100
11111110
11111000
11110010
11101011
11100101
11011111
11011010
11010100
11001111
11001010
11000110
11000001
10111101
10111010
10110111
10110100
10110010
10110000
10101111
10101110
10101110
10101110
10101110
10101111
10110001
10110011
10110101
10111000
10111100
10111111
11000011
11001000
11001101
11010010
11010111
11011101
11100011
11101000
11101111
11110101
11111011
00000001
00001000
00001110
00010100
00011010
00100000
00100101
00101011
00110000
00110101
00111010
00111110
01000010
01000101
01001000
01001011
01001101
01001111
01010000
01010001
01010001
01010001
01010001
01010000
01001110
01001100
01001001
01000111
01000011
00111111
00111011
00110111
00110010
00101101
00101000
00100010
00011100
00010110
00010000
00001010
00000100
11111110
11110111
11110001
11101011
11100101
11011111
11011001
11010100
11001111
11001010
11000101
11000001
10111101
10111010
10110111
10110100
10110010
10110000
10101111
10101110
10101110
10101110
10101110
10110000
10110001
10110011
10110110
10111001
10111100
11000000
11000100
11001000
11001101
11010010
11011000
11011101
11100011
11101001
11101111
11110101
11111011
00000010
00001000
00001110
00010100
00011010
00100000
00100110
00101011
00110000
00110101
00111010
00111110
01000010
01000101
01001001
01001011
01001101
01001111
01010000
01010001
01010001
01010001
01010001
01001111
01001110
01001100
01001001
01000110
01000011
00111111
00111011
00110111
00110010
00101101
00100111
00100010
00011100
00010110
00010000
00001010
00000011
11111101
11110111
11110000
11101010
11100100
11011111
11011001
11010011
11001110
11001001
11000101
11000001
10111101
10111001
10110110
10110100
10110010
10110000
10101111
10101110
10101110
10101110
10101110
10110000
10110001
10110011
10110110
10111001
10111100
11000000
11000100
11001001
11001101
11010011
11011000
11011110
11100011
11101001
11110000
11110110
11111100
00000010
00001001
00001111
00010101
00011011
00100001
00100110
00101100
00110001
00110110
00111010
00111111
01000010
01000110
01001001
01001011
01001110
01001111
01010000
01010001
01010001
01010001
01010001
01001111
01001110
01001100
01001001
01000110
01000011
00111111
00111011
00110110
00110001
00101100
00100111
00100001
00011011
00010101
00001111
00001001
00000011
11111100
11110110
11110000
11101010
11100100
11011110
11011000
11010011
11001110
11001001
11000101
11000000
10111101
10111001
10110110
10110100
10110001
10110000
10101111
10101110
10101110
10101110
10101111
10110000
10110001
10110100
10110110
10111001
10111101
11000000
11000101
11001001
11001110
11010011
11011000
11011110
11100100
11101010
11110000
11110110
11111100
00000011
00001001
00001111
00010101
00011011
00100001
00100111
00101100
00110001
00110110
00111011
00111111
01000011
01000110
01001001
01001100
01001110
01001111
01010001
01010001
01010001
01010001
01010000
01001111
01001110
01001011
01001001
01000110
01000010
00111111
00111010
00110110
00110001
00101100
00100110
00100001
00011011
00010101
00001111
00001001
00000010
11111100
11110110
11110000
11101001
11100011
11011110
11011000
11010011
11001101
11001001
11000100
11000000
10111100
10111001
10110110
10110011
10110001
10110000
10101110
10101110
10101110
10101110
10101111
10110000
10110010
10110100
10110110
10111001
10111101
11000001
11000101
11001001
11001110
11010011
11011001
11011111
11100100
11101010
11110000
11110111
11111101
00000011
00001010
00010000
00010110
00011100
00100010
00100111
00101101
00110010
00110111
00111011
00111111
01000011
01000110
01001001
01001100
01001110
01001111
01010001
01010001
01010001
01010001
01010000
01001111
01001101
01001011
01001001
01000101
01000010
00111110
00111010
00110101
00110000
00101011
00100110
00100000
00011010
00010100
00001110
00001000
00000010
11111011
11110101
11101111
11101001
11100011
11011101
11011000
11010010
11001101
11001000
11000100
11000000
10111100
10111001
10110110
10110011
10110001
10110000
10101110
10101110
10101110
10101110
10101111
10110000
10110010
10110100
10110111
10111010
10111101
11000001
11000101
11001010
11001111
11010100
11011001
11011111
11100101
11101011
11110001
11110111
11111110
00000100
00001010
00010000
00010110
00011100
00100010
00101000
00101101
00110010
00110111
00111011
00111111
01000011
01000111
01001001
01001100
01001110
01010000
01010001
01010001
01010001
01010001
01010000
01001111
01001101
01001011
01001000
01000101
01000010
00111110
00111010
00110101
00110000
00101011
00100101
00100000
00011010
00010100
00001110
00001000
00000001
11111011
11110101
11101111
11101000
11100011
11011101
11010111
11010010
11001101
11001000
11000011
10111111
10111100
10111000
10110101
10110011
10110001
10101111
10101110
10101110
10101110
10101110
10101111
10110000
10110010
10110100
10110111
10111010
10111101
11000001
11000110
11001010
11001111
11010100
11011010
11011111
11100101
11101011
11110010
11111000
11111110
00000100
00001011
00010001
00010111
00011101
00100011
00101000
00101101
00110010
00110111
00111100
01000000
01000011
01000111
01001010
01001100
01001110
01010000
01010001
01010001
01010001
01010001
01010000
01001111
01001101
01001011
01001000
01000101
01000001
00111110
00111001
00110101
00110000
00101010
00100101
00011111
00011001
00010011
00001101
00000111
00000001
11111010
11110100
11101110
11101000
11100010
11011100
11010111
11010001
11001100
11001000
11000011
10111111
10111011
10111000
10110101
10110011
10110001
10101111
10101110
10101110
10101110
10101110
10101111
10110000
10110010
10110100
10110111
10111010
10111110
11000010
11000110
11001011
11010000
11010101
11011010
11100000
11100110
11101100
11110010
11111000
11111110
00000101
00001011
00010001
00010111
00011101
00100011
00101001
00101110
00110011
00111000
00111100
01000000
01000100
01000111
01001010
01001100
01001110
01010000
01010001
01010001
01010001
01010001
01010000
01001111
01001101
01001011
01001000
01000101
01000001
00111101
00111001
00110100
00101111
00101010
00100101
00011111
00011001
00010011
00001101
00000111
00000000
11111010
11110100
11101110
11100111
11100010
11011100
11010110
11010001
11001100
11000111
11000011
10111111
10111011
10111000
10110101
10110011
10110001
10101111
10101110
10101110
10101110
10101110
10101111
10110000
10110010
10110100
10110111
10111010
10111110
11000010
11000110
11001011
11010000
11010101
11011011
11100000
11100110
11101100
11110010
11111001
11111111
00000101
00001100
00010010
00011000
00011110
00100011
00101001
00101110
00110011
00111000
00111100
01000000
01000100
01000111
01001010
01001100
01001110
01010000
01010001
01010001
01010001
01010001
01010000
01001111
01001101
01001010
01001000
01000100
01000001
00111101
00111001
00110100
00101111
00101010
00100100
00011110
00011000
00010010
00001100
00000110
00000000
11111001
11110011
11101101
11100111
11100001
11011011
11010110
11010001
11001100
11000111
11000010
10111110
10111011
10111000
10110101
10110010
10110001
10101111
10101110
10101110
10101110
10101110
10101111
10110000
10110010
10110101
10110111
10111011
10111110
11000010
11000111
11001011
11010000
11010110
11011011
11100001
11100111
11101101
11110011
11111001
00000000
00000110
00001100
00010010
00011000
00011110
00100100
00101001
00101111
00110100
00111000
00111101
01000001
01000100
01001000
01001010
01001101
01001111
01010000
01010001
01010001
01010001
01010001
01010000
01001110
01001101
01001010
01000111
01000100
01000001
00111101
00111000
00110011
00101110
00101001
00100100
00011110
00011000
00010010
00001100
00000110
11111111
11111001
11110011
11101101
11100111
11100001
11011011
11010101
11010000
11001011
11000110
11000010
10111110
10111011
10110111
10110101
10110010
10110000
10101111
10101110
10101110
10101110
10101110
10101111
10110001
10110011
10110101
10111000
10111011
10111111
11000011
11000111
11001100
11010001
11010110
11011100
11100001
11100111
11101101
11110011
11111010
00000000
00000110
00001101
00010011
00011001
00011111
00100100
00101010
00101111
00110100
00111001
00111101
01000001
01000101
01001000
01001011
01001101
01001111
01010000
01010001
01010001
01010001
01010001
01010000
01001110
01001100
01001010
01000111
01000100
01000000
00111100
00111000
00110011
00101110
00101001
00100011
00011101
00011000
00010001
00001011
00000101
11111111
11111000
11110010
11101100
11100110
11100000
11011010
11010101
11010000
11001011
11000110
11000010
10111110
10111010
10110111
10110100
10110010
10110000
10101111
10101110
10101110
10101110
10101110
10101111
10110001
10110011
10110101
10111000
10111011
10111111
11000011
11000111
11001100
11010001
11010110
11011100
11100010
11101000
11101110
11110100
11111010
00000001
00000111
00001101
00010011
00011001
00011111
00100101
00101010
00101111
00110100
00111001
00111101
01000001
01000101
01001000
01001011
01001101
01001111
01010000
01010001
01010001
01010001
01010001
01010000
01001110
01001100
01001010
01000111
01000100
01000000
00111100
00110111
00110011
00101110
00101000
00100011
00011101
00010111
00010001
00001011
00000101
11111110
11111000
11110010
11101100
11100110
11100000
11011010
11010101
11001111
11001010
11000110
11000001
10111110
10111010
10110111
10110100
10110010
10110000
10101111
10101110
10101110
10101110
10101110
10101111
10110001
10110011
10110101
10111000
10111100
10111111
11000011
11001000
11001101
11010010
11010111
11011100
11100010
11101000
11101110
11110100
11111011
00000001
00000111
00001101
00010100
00011010
00100000
00100101
00101011
00110000
00110101
00111001
00111110
01000010
01000101
01001000
01001011
01001101
01001111
01010000
01010001
01010001
01010001
01010001
01010000
01001110
01001100
01001010
01000111
01000011
01000000
00111100
00110111
00110010
00101101
00101000
00100010
00011100
00010111
00010000
00001010
00000100
11111110
11110111
11110001
11101011
11100101
11011111
11011010
11010100
11001111
11001010
11000101
11000001
10111101
10111010
10110111
10110100
10110010
10110000
10101111
10101110
10101110
10101110
10101110
10101111
10110001
10110011
10110110
10111000
10111100
11000000
11000100
11001000
11001101
11010010
11010111
11011101
11100011
11101001
11101111
11110101
11111011
00000001
00001000
00001110
00010100
00011010
00100000
00100110
00101011
00110000
00110101
00111010
00111110
01000010
01000101
01001000
01001011
01001101
01001111
01010000
01010001
01010001
01010001
01010001
01001111
01001110
01001100
01001001
01000110
01000011
00111111
00111011
00110111
00110010
00101101
00100111
00100010
00011100
00010110
00010000
00001010
00000100
11111101
11110111
11110001
11101011
11100101
11011111
11011001
11010100
11001111
11001010
11000101
11000001
10111101
10111010
10110110
10110100
10110010
10110000
10101111
10101110
10101110
10101110
10101110
10110000
10110001
10110011
10110110
10111001
10111100
11000000
11000100
11001000
11001101
11010010
11011000
11011101
11100011
11101001
11101111
11110101
11111100
00000010
00001000
00001111
00010101
00011011
00100000
00100110
00101100
00110001
00110110
00111010
00111110
01000010
01000110
01001001
01001011
01001101
01001111
01010000
01010001
01010001
01010001
01010001
01001111
01001110
01001100
01001001
01000110
01000011
00111111
00111011
00110110
00110010
00101100
00100111
00100001
00011100
00010110
00001111
00001001
00000011
11111101
11110110
11110000
11101010
11100100
11011110
11011001
11010011
11001110
11001001
11000101
11000000
10111101
10111001
10110110
10110100
10110001
10110000
10101111
10101110
10101110
10101110
10101110
10110000
10110001
10110011
10110110
10111001
10111100
11000000
11000100
11001001
11001110
11010011
11011000
11011110
11100100
11101010
11110000
11110110
11111100
00000011
00001001
00001111
00010101
00011011
00100001
00100111
00101100
00110001
00110110
00111010
00111111
01000010
01000110
01001001
01001011
01001110
01001111
01010000
01010001
01010001
01010001
01010000
01001111
01001110
01001011
01001001
01000110
01000010
00111111
00111010
00110110
00110001
00101100
00100111
00100001
00011011
00010101
00001111
00001001
00000011
11111100
11110110
11110000
11101010
11100100
11011110
11011000
11010011
11001110
11001001
11000100
11000000
10111100
10111001
10110110
10110011
10110001
10110000
10101110
10101110
10101110
10101110
10101111
10110000
10110001
10110100
10110110
10111001
10111101
11000000
11000101
11001001
11001110
11010011
11011001
11011110
11100100
11101010
11110000
11110110
11111101
00000011
00001001
00001111
00010110
00011100
00100001
00100111
00101100
00110010
00110110
00111011
00111111
01000011
01000110
01001001
01001100
01001110
01001111
01010001
01010001
01010001
01010001
01010000
01001111
01001101
01001011
01001001
01000110
01000010
00111110
00111010
00110110
00110001
00101100
00100110
00100000
00011011
00010101
