00000100000000000000
00000010111011101010
00000000010011001000
11111101100000011000
11111100000010110110
11111100101100011110
11111111000111000010
00000001111111111111
00000011110100101000
00000011100110101001
00000001011101100001
11111110100010011110
11111100011001010110
11111100001011010111
11111101111111111111
00000000111000111101
00000011010011100001
00000011111101001001
00000010011111100111
11111111101100110111
11111101000100010101
11111100000000000000
11111101000100010101
11111111101100110111
00000010011111100111
00000011111101001000
00000011010011100001
00000000111000111101
11111110000000000000
11111100001011010111
11111100011001010110
11111110100010011110
00000001011101100001
00000011100110101001
00000011110100101000
00000010000000000000
11111111000111000010
11111100101100011110
11111100000010110110
11111101100000011000
00000000010011001000
00000010111011101010
00000011111111111111
00000010111011101010
00000000010011001000
11111101100000011000
11111100000010110111
11111100101100011110
11111111000111000010
00000001111111111111
00000011110100101000
00000011100110101001
00000001011101100001
11111110100010011110
11111100011001010110
11111100001011010111
11111101111111111111
00000000111000111101
00000011010011100000
00000011111101001001
00000010011111100111
11111111101100110111
11111101000100010101
11111100000000000000
11111101000100010101
11111111101100110111
00000010011111100111
00000011111101001000
00000011010011100001
00000000111000111110
11111110000000000000
11111100001011010111
11111100011001010110
11111110100010011110
00000001011101100001
00000011100110101001
00000011110100101000
00000010000000000000
11111111000111000010
11111100101100011111
11111100000010110110
11111101100000011000
00000000010011001000
00000010111011101010
00000011111111111111
00000010111011101010
00000000010011001000
11111101100000011000
11111100000010110111
11111100101100011110
11111111000111000001
00000001111111111111
00000011110100101000
00000011100110101001
00000001011101100010
11111110100010011110
11111100011001010110
11111100001011010111
11111101111111111111
00000000111000111101
00000011010011100000
00000011111101001001
00000010011111100111
11111111101100110111
11111101000100010101
11111100000000000000
11111101000100010101
11111111101100110111
00000010011111100110
00000011111101001000
00000011010011100001
00000000111000111110
11111110000000000000
11111100001011011000
11111100011001010110
11111110100010011101
00000001011101100001
00000011100110101001
00000011110100101000
00000010000000000000
11111111000111000010
11111100101100011111
11111100000010110110
11111101100000011000
00000000010011000111
00000010111011101010
00000011111111111111
00000010111011101010
00000000010011001000
11111101100000011001
11111100000010110111
11111100101100011110
11111111000111000001
00000001111111111111
00000011110100100111
00000011100110101001
00000001011101100010
11111110100010011110
11111100011001010110
11111100001011010111
11111101111111111111
00000000111000111101
00000011010011100000
00000011111101001001
00000010011111100111
11111111101100111000
11111101000100010110
11111100000000000000
11111101000100010101
11111111101100110111
00000010011111100110
00000011111101001000
00000011010011100001
00000000111000111110
11111110000000000000
11111100001011011000
11111100011001010110
11111110100010011101
00000001011101100001
00000011100110101001
00000011110100101000
00000010000000000000
11111111000111000010
11111100101100011111
11111100000010110110
11111101100000011000
00000000010011000111
00000010111011101001
00000011111111111111
00000010111011101010
00000000010011001000
11111101100000011001
11111100000010110111
11111100101100011110
11111111000111000001
00000001111111111111
00000011110100100111
00000011100110101001
00000001011101100010
11111110100010011110
11111100011001010110
11111100001011010111
11111101111111111111
00000000111000111101
00000011010011100000
00000011111101001001
00000010011111100111
11111111101100111000
11111101000100010110
11111100000000000000
11111101000100010101
11111111101100110110
00000010011111100110
00000011111101001000
00000011010011100001
00000000111000111110
11111110000000000000
11111100001011011000
11111100011001010110
11111110100010011101
00000001011101100001
00000011100110101001
00000011110100101000
00000010000000000000
11111111000111000010
11111100101100011111
11111100000010110110
11111101100000011000
00000000010011000111
00000010111011101001
00000011111111111111
00000010111011101010
00000000010011001001
11111101100000011001
11111100000010110111
11111100101100011110
11111111000111000001
00000001111111111111
00000011110100100111
00000011100110101001
00000001011101100010
11111110100010011110
11111100011001010110
11111100001011010111
11111101111111111111
00000000111000111101
00000011010011100000
00000011111101001001
00000010011111100111
11111111101100111000
11111101000100010110
11111100000000000000
11111101000100010101
11111111101100110110
00000010011111100110
00000011111101001000
00000011010011100001
00000000111000111110
11111110000000000000
11111100001011011000
11111100011001010110
11111110100010011101
00000001011101100000
00000011100110101001
00000011110100101000
00000010000000000000
11111111000111000011
11111100101100011111
11111100000010110110
11111101100000011000
00000000010011000111
00000010111011101001
00000011111111111111
00000010111011101010
00000000010011001001
11111101100000011001
11111100000010110111
11111100101100011110
11111111000111000001
00000001111111111111
00000011110100100111
00000011100110101001
00000001011101100010
11111110100010011111
11111100011001010110
11111100001011010111
11111101111111111111
00000000111000111100
00000011010011100000
00000011111101001001
00000010011111101000
11111111101100111000
11111101000100010110
11111100000000000000
11111101000100010101
11111111101100110110
00000010011111100110
00000011111101001000
00000011010011100001
00000000111000111110
11111110000000000000
11111100001011011000
11111100011001010110
11111110100010011101
00000001011101100000
00000011100110101001
00000011110100101000
00000010000000000000
11111111000111000011
11111100101100011111
11111100000010110110
11111101100000010111
00000000010011000111
00000010111011101001
00000011111111111111
00000010111011101011
00000000010011001001
11111101100000011001
11111100000010110111
11111100101100011110
11111111000111000001
00000001111111111111
00000011110100100111
00000011100110101001
00000001011101100010
11111110100010011111
11111100011001010110
11111100001011010111
11111101111111111111
00000000111000111100
00000011010011100000
00000011111101001001
00000010011111101000
11111111101100111000
11111101000100010110
11111100000000000000
11111101000100010100
11111111101100110110
00000010011111100110
00000011111101001000
00000011010011100001
00000000111000111110
11111110000000000000
11111100001011011000
11111100011001010110
11111110100010011101
00000001011101100000
00000011100110101000
00000011110100101000
00000010000000000001
11111111000111000011
11111100101100011111
11111100000010110110
11111101100000010111
00000000010011000111
00000010111011101001
00000011111111111111
00000010111011101011
00000000010011001001
11111101100000011001
11111100000010110111
11111100101100011110
11111111000111000001
00000001111111111110
00000011110100100111
00000011100110101010
00000001011101100010
11111110100010011111
11111100011001010111
11111100001011010111
11111101111111111110
00000000111000111100
00000011010011100000
00000011111101001001
00000010011111101000
11111111101100111000
11111101000100010110
11111100000000000000
11111101000100010100
11111111101100110110
00000010011111100110
00000011111101001000
00000011010011100001
00000000111000111111
11111110000000000001
11111100001011011000
11111100011001010101
11111110100010011101
00000001011101100000
00000011100110101000
00000011110100101000
00000010000000000001
11111111000111000011
11111100101100011111
11111100000010110110
11111101100000010111
00000000010011000111
00000010111011101001
00000011111111111111
00000010111011101011
00000000010011001001
11111101100000011001
11111100000010110111
11111100101100011110
11111111000111000000
00000001111111111110
00000011110100100111
00000011100110101010
00000001011101100011
11111110100010011111
11111100011001010111
11111100001011010111
11111101111111111110
00000000111000111100
00000011010011100000
00000011111101001001
00000010011111101000
11111111101100111001
11111101000100010110
11111100000000000000
11111101000100010100
11111111101100110110
00000010011111100110
00000011111101001000
00000011010011100001
00000000111000111111
11111110000000000001
11111100001011011000
11111100011001010101
11111110100010011100
00000001011101100000
00000011100110101000
00000011110100101000
00000010000000000001
11111111000111000011
11111100101100011111
11111100000010110110
11111101100000010111
00000000010011000110
00000010111011101001
00000011111111111111
00000010111011101011
00000000010011001001
11111101100000011001
11111100000010110111
11111100101100011110
11111111000111000000
00000001111111111110
00000011110100100111
00000011100110101010
00000001011101100011
11111110100010011111
11111100011001010111
11111100001011010111
11111101111111111110
00000000111000111100
00000011010011100000
00000011111101001001
00000010011111101000
11111111101100111001
11111101000100010110
11111100000000000000
11111101000100010100
11111111101100110110
00000010011111100110
00000011111101001000
00000011010011100001
00000000111000111111
11111110000000000001
11111100001011011000
11111100011001010101
11111110100010011100
00000001011101100000
00000011100110101000
00000011110100101000
00000010000000000001
11111111000111000011
11111100101100011111
11111100000010110110
11111101100000010111
00000000010011000110
00000010111011101001
00000011111111111111
00000010111011101011
00000000010011001010
11111101100000011010
11111100000010110111
11111100101100011101
11111111000111000000
00000001111111111110
00000011110100100111
00000011100110101010
00000001011101100011
11111110100010011111
11111100011001010111
11111100001011010111
11111101111111111110
00000000111000111100
00000011010011100000
00000011111101001001
00000010011111101000
11111111101100111001
11111101000100010110
11111100000000000000
11111101000100010100
11111111101100110101
00000010011111100101
00000011111101001000
00000011010011100010
00000000111000111111
11111110000000000001
11111100001011011000
11111100011001010101
11111110100010011100
00000001011101100000
00000011100110101000
00000011110100101000
00000010000000000001
11111111000111000011
11111100101100011111
11111100000010110110
11111101100000010111
00000000010011000110
00000010111011101001
00000011111111111111
00000010111011101011
00000000010011001010
11111101100000011010
11111100000010110111
11111100101100011101
11111111000111000000
00000001111111111110
00000011110100100111
00000011100110101010
00000001011101100011
11111110100010011111
11111100011001010111
11111100001011010111
11111101111111111110
00000000111000111100
00000011010011100000
00000011111101001001
00000010011111101000
11111111101100111001
11111101000100010110
11111100000000000000
11111101000100010100
11111111101100110101
00000010011111100101
00000011111101001000
00000011010011100010
00000000111000111111
11111110000000000001
11111100001011011000
11111100011001010101
11111110100010011100
00000001011101011111
00000011100110101000
00000011110100101000
00000010000000000001
11111111000111000100
11111100101100011111
11111100000010110110
11111101100000010111
00000000010011000110
00000010111011101001
00000011111111111111
00000010111011101011
00000000010011001010
11111101100000011010
11111100000010110111
11111100101100011101
11111111000111000000
00000001111111111110
00000011110100100111
00000011100110101010
00000001011101100011
11111110100010100000
11111100011001010111
11111100001011010111
11111101111111111110
00000000111000111011
00000011010011011111
00000011111101001001
00000010011111101000
11111111101100111001
11111101000100010111
11111100000000000000
11111101000100010100
11111111101100110101
00000010011111100101
00000011111101001000
00000011010011100010
00000000111000111111
11111110000000000001
11111100001011011000
11111100011001010101
11111110100010011100
00000001011101011111
00000011100110101000
00000011110100101000
00000010000000000001
11111111000111000100
11111100101100100000
11111100000010110110
11111101100000010111
00000000010011000110
00000010111011101000
00000011111111111111
00000010111011101011
00000000010011001010
11111101100000011010
11111100000010110111
11111100101100011101
11111111000111000000
00000001111111111110
00000011110100100111
00000011100110101010
00000001011101100011
11111110100010100000
11111100011001010111
11111100001011010111
11111101111111111110
00000000111000111011
00000011010011011111
00000011111101001001
00000010011111101000
11111111101100111001
11111101000100010111
11111100000000000000
11111101000100010100
11111111101100110101
00000010011111100101
00000011111101001000
00000011010011100010
00000000111000111111
11111110000000000001
11111100001011011000
11111100011001010101
11111110100010011100
00000001011101011111
00000011100110101000
00000011110100101000
00000010000000000001
11111111000111000100
11111100101100100000
11111100000010110110
11111101100000010111
00000000010011000110
00000010111011101000
00000011111111111111
00000010111011101011
00000000010011001010
11111101100000011010
11111100000010110111
11111100101100011101
11111111000111000000
00000001111111111110
00000011110100100111
00000011100110101010
00000001011101100011
11111110100010100000
11111100011001010111
11111100001011010111
11111101111111111110
00000000111000111011
00000011010011011111
00000011111101001001
00000010011111101001
11111111101100111001
11111101000100010111
11111100000000000000
11111101000100010100
11111111101100110101
00000010011111100101
00000011111101001000
00000011010011100010
00000000111001000000
11111110000000000010
11111100001011011000
11111100011001010101
11111110100010011100
00000001011101011111
00000011100110101000
00000011110100101000
00000010000000000010
11111111000111000100
11111100101100100000
11111100000010110110
11111101100000010110
00000000010011000110
00000010111011101000
00000011111111111111
00000010111011101011
00000000010011001010
11111101100000011010
11111100000010110111
11111100101100011101
11111111000110111111
00000001111111111101
00000011110100100111
00000011100110101010
00000001011101100011
11111110100010100000
11111100011001010111
11111100001011010111
11111101111111111101
00000000111000111011
00000011010011011111
00000011111101001001
00000010011111101001
11111111101100111010
11111101000100010111
11111100000000000000
11111101000100010100
11111111101100110101
00000010011111100101
00000011111101001000
00000011010011100010
00000000111001000000
11111110000000000010
11111100001011011000
11111100011001010101
11111110100010011011
00000001011101011111
00000011100110101000
00000011110100101000
00000010000000000010
11111111000111000100
11111100101100100000
11111100000010110110
11111101100000010110
00000000010011000101
00000010111011101000
00000011111111111111
00000010111011101100
00000000010011001010
11111101100000011010
11111100000010110111
11111100101100011101
11111111000110111111
00000001111111111101
00000011110100100111
00000011100110101010
00000001011101100100
11111110100010100000
11111100011001010111
11111100001011010111
11111101111111111101
00000000111000111011
00000011010011011111
00000011111101001001
00000010011111101001
11111111101100111010
11111101000100010111
11111100000000000000
11111101000100010011
11111111101100110101
00000010011111100101
00000011111101001000
00000011010011100010
00000000111001000000
11111110000000000010
11111100001011011000
11111100011001010101
11111110100010011011
00000001011101011111
00000011100110101000
00000011110100101000
00000010000000000010
11111111000111000100
11111100101100100000
11111100000010110110
11111101100000010110
00000000010011000101
00000010111011101000
00000011111111111111
00000010111011101100
00000000010011001011
11111101100000011010
11111100000010110111
11111100101100011101
11111111000110111111
00000001111111111101
00000011110100100111
00000011100110101010
00000001011101100100
11111110100010100000
11111100011001010111
11111100001011010111
11111101111111111101
00000000111000111011
00000011010011011111
00000011111101001001
00000010011111101001
11111111101100111010
11111101000100010111
11111100000000000000
11111101000100010011
11111111101100110100
00000010011111100101
00000011111101001000
00000011010011100010
00000000111001000000
11111110000000000010
11111100001011011000
11111100011001010101
11111110100010011011
00000001011101011111
00000011100110101000
00000011110100101000
00000010000000000010
11111111000111000100
11111100101100100000
11111100000010110110
11111101100000010110
00000000010011000101
00000010111011101000
00000011111111111111
00000010111011101100
00000000010011001011
11111101100000011010
11111100000010110111
11111100101100011101
11111111000110111111
00000001111111111101
00000011110100100111
00000011100110101010
00000001011101100100
11111110100010100000
11111100011001010111
11111100001011010111
11111101111111111101
00000000111000111010
00000011010011011111
00000011111101001001
00000010011111101001
11111111101100111010
11111101000100010111
11111100000000000000
11111101000100010011
11111111101100110100
00000010011111100100
00000011111101001000
00000011010011100010
00000000111001000000
11111110000000000010
11111100001011011000
11111100011001010101
11111110100010011011
00000001011101011111
00000011100110101000
00000011110100101000
00000010000000000010
11111111000111000101
11111100101100100000
11111100000010110110
11111101100000010110
00000000010011000101
00000010111011101000
00000011111111111111
00000010111011101100
00000000010011001011
11111101100000011011
11111100000010110111
11111100101100011101
11111111000110111111
00000001111111111101
00000011110100100111
00000011100110101010
00000001011101100100
11111110100010100001
11111100011001010111
11111100001011010111
11111101111111111101
00000000111000111010
00000011010011011111
00000011111101001001
00000010011111101001
11111111101100111010
11111101000100010111
11111100000000000000
11111101000100010011
11111111101100110100
00000010011111100100
00000011111101001000
00000011010011100010
00000000111001000000
11111110000000000010
11111100001011011000
11111100011001010101
11111110100010011011
00000001011101011110
00000011100110101000
00000011110100101001
00000010000000000010
11111111000111000101
11111100101100100000
11111100000010110110
11111101100000010110
00000000010011000101
00000010111011101000
00000011111111111111
00000010111011101100
00000000010011001011
11111101100000011011
11111100000010110111
11111100101100011101
11111111000110111111
00000001111111111101
00000011110100100111
00000011100110101010
00000001011101100100
11111110100010100001
11111100011001010111
11111100001011010110
11111101111111111101
00000000111000111010
00000011010011011111
00000011111101001001
00000010011111101001
11111111101100111010
11111101000100010111
11111100000000000000
11111101000100010011
11111111101100110100
00000010011111100100
00000011111101001000
00000011010011100010
00000000111001000000
11111110000000000010
11111100001011011000
11111100011001010101
11111110100010011011
00000001011101011110
00000011100110101000
00000011110100101001
00000010000000000010
11111111000111000101
11111100101100100000
11111100000010110110
11111101100000010110
00000000010011000101
00000010111011101000
00000011111111111111
00000010111011101100
00000000010011001011
11111101100000011011
11111100000010110111
11111100101100011101
11111111000110111111
00000001111111111101
00000011110100100111
00000011100110101010
00000001011101100100
11111110100010100001
11111100011001010111
11111100001011010110
11111101111111111101
00000000111000111010
00000011010011011111
00000011111101001001
00000010011111101001
11111111101100111010
11111101000100010111
11111100000000000000
11111101000100010011
11111111101100110100
00000010011111100100
00000011111101001000
00000011010011100010
00000000111001000001
11111110000000000010
11111100001011011000
11111100011001010101
11111110100010011011
00000001011101011110
00000011100110101000
00000011110100101001
00000010000000000010
11111111000111000101
11111100101100100000
11111100000010110110
11111101100000010110
00000000010011000100
00000010111011101000
00000011111111111111
00000010111011101100
00000000010011001011
11111101100000011011
11111100000010110111
11111100101100011100
11111111000110111110
00000001111111111101
00000011110100100111
00000011100110101010
00000001011101100100
11111110100010100001
11111100011001011000
11111100001011010110
11111101111111111101
00000000111000111010
00000011010011011111
00000011111101001001
00000010011111101001
11111111101100111011
11111101000100011000
11111100000000000000
11111101000100010011
11111111101100110100
00000010011111100100
00000011111101001000
00000011010011100011
00000000111001000001
11111110000000000011
11111100001011011000
11111100011001010101
11111110100010011010
00000001011101011110
00000011100110100111
00000011110100101001
00000010000000000011
11111111000111000101
11111100101100100000
11111100000010110110
11111101100000010101
00000000010011000100
00000010111011100111
00000011111111111111
00000010111011101100
00000000010011001011
11111101100000011011
11111100000010110111
11111100101100011100
11111111000110111110
00000001111111111100
00000011110100100111
00000011100110101011
00000001011101100101
11111110100010100001
11111100011001011000
11111100001011010110
11111101111111111100
00000000111000111010
00000011010011011111
00000011111101001001
00000010011111101010
11111111101100111011
11111101000100011000
11111100000000000000
11111101000100010011
11111111101100110011
00000010011111100100
00000011111101001000
00000011010011100011
00000000111001000001
11111110000000000011
11111100001011011000
11111100011001010100
11111110100010011010
00000001011101011110
00000011100110100111
00000011110100101001
00000010000000000011
11111111000111000101
11111100101100100000
11111100000010110110
11111101100000010101
00000000010011000100
00000010111011100111
00000011111111111111
00000010111011101100
00000000010011001100
11111101100000011011
11111100000010110111
11111100101100011100
11111111000110111110
00000001111111111100
00000011110100100111
00000011100110101011
00000001011101100101
11111110100010100001
11111100011001011000
11111100001011010110
11111101111111111100
00000000111000111010
00000011010011011110
00000011111101001001
00000010011111101010
11111111101100111011
11111101000100011000
11111100000000000000
11111101000100010011
11111111101100110011
00000010011111100100
00000011111101001000
00000011010011100011
00000000111001000001
11111110000000000011
11111100001011011001
11111100011001010100
11111110100010011010
00000001011101011110
00000011100110100111
00000011110100101001
00000010000000000011
11111111000111000101
11111100101100100001
11111100000010110110
11111101100000010101
00000000010011000100
00000010111011100111
00000011111111111111
00000010111011101100
00000000010011001100
11111101100000011011
11111100000010110111
11111100101100011100
11111111000110111110
00000001111111111100
00000011110100100110
00000011100110101011
00000001011101100101
11111110100010100001
11111100011001011000
11111100001011010110
11111101111111111100
00000000111000111001
00000011010011011110
00000011111101001001
00000010011111101010
11111111101100111011
11111101000100011000
11111100000000000000
11111101000100010011
11111111101100110011
00000010011111100100
00000011111101001000
00000011010011100011
00000000111001000001
11111110000000000011
11111100001011011001
11111100011001010100
11111110100010011010
00000001011101011110
00000011100110100111
00000011110100101001
00000010000000000011
11111111000111000110
11111100101100100001
11111100000010110110
11111101100000010101
00000000010011000100
00000010111011100111
00000011111111111111
00000010111011101101
00000000010011001100
11111101100000011011
11111100000010110111
11111100101100011100
11111111000110111110
00000001111111111100
00000011110100100110
00000011100110101011
00000001011101100101
11111110100010100010
11111100011001011000
11111100001011010110
11111101111111111100
00000000111000111001
00000011010011011110
00000011111101001001
00000010011111101010
11111111101100111011
11111101000100011000
11111100000000000000
11111101000100010010
11111111101100110011
00000010011111100100
00000011111101001000
00000011010011100011
00000000111001000001
11111110000000000011
11111100001011011001
11111100011001010100
11111110100010011010
00000001011101011101
00000011100110100111
00000011110100101001
00000010000000000011
11111111000111000110
11111100101100100001
11111100000010110110
11111101100000010101
00000000010011000100
00000010111011100111
00000011111111111111
00000010111011101101
00000000010011001100
11111101100000011011
11111100000010110111
11111100101100011100
11111111000110111110
00000001111111111100
00000011110100100110
00000011100110101011
00000001011101100101
11111110100010100010
11111100011001011000
11111100001011010110
11111101111111111100
00000000111000111001
00000011010011011110
00000011111101001001
00000010011111101010
11111111101100111011
11111101000100011000
11111100000000000000
11111101000100010010
11111111101100110011
00000010011111100011
00000011111101001000
00000011010011100011
00000000111001000001
11111110000000000011
11111100001011011001
11111100011001010100
11111110100010011010
00000001011101011101
00000011100110100111
00000011110100101001
00000010000000000011
11111111000111000110
11111100101100100001
11111100000010110110
11111101100000010101
00000000010011000100
00000010111011100111
00000011111111111111
00000010111011101101
00000000010011001100
11111101100000011100
11111100000010110111
11111100101100011100
11111111000110111110
00000001111111111100
00000011110100100110
00000011100110101011
00000001011101100101
11111110100010100010
11111100011001011000
11111100001011010110
11111101111111111100
00000000111000111001
00000011010011011110
00000011111101001001
00000010011111101010
11111111101100111011
11111101000100011000
11111100000000000000
11111101000100010010
11111111101100110011
00000010011111100011
00000011111101001000
00000011010011100011
00000000111001000010
11111110000000000011
11111100001011011001
11111100011001010100
11111110100010011010
00000001011101011101
00000011100110100111
00000011110100101001
00000010000000000011
11111111000111000110
11111100101100100001
11111100000010110110
11111101100000010101
00000000010011000011
00000010111011100111
00000011111111111111
00000010111011101101
00000000010011001100
11111101100000011100
11111100000010110111
11111100101100011100
11111111000110111101
00000001111111111100
00000011110100100110
00000011100110101011
00000001011101100101
11111110100010100010
11111100011001011000
11111100001011010110
11111101111111111100
00000000111000111001
00000011010011011110
00000011111101001001
00000010011111101010
11111111101100111100
11111101000100011000
11111100000000000000
11111101000100010010
11111111101100110011
00000010011111100011
00000011111101001000
00000011010011100011
00000000111001000010
11111110000000000011
11111100001011011001
11111100011001010100
11111110100010011010
00000001011101011101
00000011100110100111
00000011110100101001
00000010000000000011
11111111000111000110
11111100101100100001
11111100000010110110
11111101100000010101
00000000010011000011
00000010111011100111
00000011111111111111
00000010111011101101
00000000010011001100
11111101100000011100
11111100000010110111
11111100101100011100
11111111000110111101
00000001111111111100
00000011110100100110
00000011100110101011
00000001011101100110
11111110100010100010
11111100011001011000
11111100001011010110
11111101111111111011
00000000111000111001
00000011010011011110
00000011111101001001
00000010011111101010
11111111101100111100
11111101000100011000
11111100000000000000
11111101000100010010
11111111101100110010
00000010011111100011
00000011111101001000
00000011010011100011
00000000111001000010
11111110000000000100
11111100001011011001
11111100011001010100
11111110100010011001
00000001011101011101
00000011100110100111
00000011110100101001
00000010000000000100
11111111000111000110
11111100101100100001
11111100000010110110
11111101100000010101
00000000010011000011
00000010111011100111
00000011111111111111
00000010111011101101
00000000010011001101
11111101100000011100
11111100000010110111
11111100101100011100
11111111000110111101
00000001111111111011
00000011110100100110
00000011100110101011
00000001011101100110
11111110100010100010
11111100011001011000
11111100001011010110
11111101111111111011
00000000111000111001
00000011010011011110
00000011111101001001
00000010011111101011
11111111101100111100
11111101000100011000
11111100000000000000
11111101000100010010
11111111101100110010
00000010011111100011
00000011111101001000
00000011010011100011
00000000111001000010
11111110000000000100
11111100001011011001
11111100011001010100
11111110100010011001
00000001011101011101
00000011100110100111
00000011110100101001
00000010000000000100
11111111000111000110
11111100101100100001
11111100000010110110
11111101100000010100
00000000010011000011
00000010111011100111
00000011111111111111
00000010111011101101
00000000010011001101
11111101100000011100
11111100000010110111
11111100101100011100
11111111000110111101
00000001111111111011
00000011110100100110
00000011100110101011
00000001011101100110
11111110100010100010
11111100011001011000
11111100001011010110
11111101111111111011
00000000111000111000
00000011010011011110
00000011111101001001
00000010011111101011
11111111101100111100
11111101000100011001
11111100000000000000
11111101000100010010
11111111101100110010
00000010011111100011
00000011111101001000
00000011010011100011
00000000111001000010
11111110000000000100
11111100001011011001
11111100011001010100
11111110100010011001
00000001011101011101
00000011100110100111
00000011110100101001
00000010000000000100
11111111000111000111
11111100101100100001
11111100000010110110
11111101100000010100
00000000010011000011
00000010111011100110
00000011111111111111
00000010111011101101
00000000010011001101
11111101100000011100
11111100000010110111
11111100101100011100
11111111000110111101
00000001111111111011
00000011110100100110
00000011100110101011
00000001011101100110
11111110100010100010
11111100011001011000
11111100001011010110
11111101111111111011
00000000111000111000
00000011010011011110
00000011111101001001
00000010011111101011
11111111101100111100
11111101000100011001
11111100000000000000
11111101000100010010
11111111101100110010
00000010011111100011
00000011111101001000
00000011010011100011
00000000111001000010
11111110000000000100
11111100001011011001
11111100011001010100
11111110100010011001
00000001011101011100
00000011100110100111
00000011110100101001
00000010000000000100
11111111000111000111
11111100101100100001
11111100000010110110
11111101100000010100
00000000010011000011
00000010111011100110
00000011111111111111
00000010111011101101
00000000010011001101
11111101100000011100
11111100000010110111
11111100101100011011
11111111000110111101
00000001111111111011
00000011110100100110
00000011100110101011
00000001011101100110
11111110100010100011
11111100011001011000
11111100001011010110
11111101111111111011
00000000111000111000
00000011010011011110
00000011111101001001
00000010011111101011
11111111101100111100
11111101000100011001
11111100000000000000
11111101000100010010
11111111101100110010
00000010011111100011
00000011111101001000
00000011010011100100
00000000111001000010
11111110000000000100
11111100001011011001
11111100011001010100
11111110100010011001
00000001011101011100
00000011100110100111
00000011110100101001
00000010000000000100
11111111000111000111
11111100101100100001
11111100000010110110
11111101100000010100
00000000010011000011
00000010111011100110
00000011111111111111
00000010111011101101
00000000010011001101
11111101100000011100
11111100000010110111
11111100101100011011
11111111000110111101
00000001111111111011
00000011110100100110
00000011100110101011
00000001011101100110
11111110100010100011
11111100011001011000
11111100001011010110
11111101111111111011
00000000111000111000
00000011010011011110
00000011111101001001
00000010011111101011
11111111101100111101
11111101000100011001
11111100000000000000
11111101000100010010
11111111101100110010
00000010011111100011
00000011111101001000
00000011010011100100
00000000111001000011
11111110000000000100
11111100001011011001
11111100011001010100
11111110100010011001
00000001011101011100
00000011100110100111
00000011110100101001
00000010000000000100
11111111000111000111
11111100101100100001
11111100000010110110
11111101100000010100
00000000010011000010
00000010111011100110
00000011111111111111
00000010111011101110
00000000010011001101
11111101100000011101
11111100000010110111
11111100101100011011
11111111000110111100
00000001111111111011
00000011110100100110
00000011100110101011
00000001011101100110
11111110100010100011
11111100011001011000
11111100001011010110
11111101111111111011
00000000111000111000
00000011010011011101
00000011111101001001
00000010011111101011
11111111101100111101
11111101000100011001
11111100000000000000
11111101000100010001
11111111101100110010
00000010011111100010
00000011111101001000
00000011010011100100
00000000111001000011
11111110000000000100
11111100001011011001
11111100011001010100
11111110100010011001
00000001011101011100
00000011100110100111
00000011110100101001
00000010000000000100
11111111000111000111
11111100101100100010
11111100000010110110
11111101100000010100
00000000010011000010
00000010111011100110
00000011111111111111
00000010111011101110
00000000010011001101
11111101100000011101
11111100000010110111
11111100101100011011
11111111000110111100
00000001111111111011
00000011110100100110
00000011100110101011
00000001011101100111
11111110100010100011
11111100011001011000
11111100001011010110
11111101111111111011
00000000111000111000
00000011010011011101
00000011111101001001
00000010011111101011
11111111101100111101
11111101000100011001
11111100000000000000
11111101000100010001
11111111101100110001
00000010011111100010
00000011111101001000
00000011010011100100
00000000111001000011
11111110000000000100
11111100001011011001
11111100011001010100
11111110100010011000
00000001011101011100
00000011100110100110
00000011110100101001
00000010000000000100
11111111000111000111
11111100101100100010
11111100000010110110
11111101100000010100
00000000010011000010
00000010111011100110
00000011111111111111
00000010111011101110
00000000010011001110
11111101100000011101
11111100000010110111
11111100101100011011
11111111000110111100
00000001111111111010
00000011110100100110
00000011100110101011
00000001011101100111
11111110100010100011
11111100011001011001
11111100001011010110
11111101111111111010
00000000111000111000
00000011010011011101
00000011111101001001
00000010011111101011
11111111101100111101
11111101000100011001
11111100000000000000
11111101000100010001
11111111101100110001
00000010011111100010
00000011111101001000
00000011010011100100
00000000111001000011
11111110000000000101
11111100001011011001
11111100011001010011
11111110100010011000
00000001011101011100
00000011100110100110
00000011110100101001
00000010000000000101
11111111000111000111
11111100101100100010
11111100000010110110
11111101100000010100
00000000010011000010
00000010111011100110
00000011111111111111
00000010111011101110
00000000010011001110
11111101100000011101
11111100000010110111
11111100101100011011
11111111000110111100
00000001111111111010
00000011110100100110
00000011100110101100
00000001011101100111
11111110100010100011
11111100011001011001
11111100001011010110
11111101111111111010
00000000111000110111
00000011010011011101
00000011111101001001
00000010011111101011
11111111101100111101
11111101000100011001
11111100000000000000
11111101000100010001
11111111101100110001
00000010011111100010
00000011111101001000
00000011010011100100
00000000111001000011
11111110000000000101
11111100001011011001
11111100011001010011
11111110100010011000
00000001011101011100
00000011100110100110
00000011110100101001
00000010000000000101
11111111000111001000
11111100101100100010
11111100000010110110
11111101100000010100
00000000010011000010
00000010111011100110
00000011111111111111
00000010111011101110
00000000010011001110
11111101100000011101
11111100000010110111
11111100101100011011
11111111000110111100
00000001111111111010
00000011110100100110
00000011100110101100
00000001011101100111
11111110100010100011
11111100011001011001
11111100001011010110
11111101111111111010
00000000111000110111
00000011010011011101
00000011111101001001
00000010011111101100
11111111101100111101
11111101000100011001
11111100000000000000
11111101000100010001
11111111101100110001
00000010011111100010
00000011111101001000
00000011010011100100
00000000111001000011
11111110000000000101
11111100001011011001
11111100011001010011
11111110100010011000
00000001011101011011
00000011100110100110
00000011110100101001
00000010000000000101
11111111000111001000
11111100101100100010
11111100000010110110
11111101100000010011
00000000010011000010
00000010111011100110
00000011111111111111
00000010111011101110
00000000010011001110
11111101100000011101
11111100000010110111
11111100101100011011
11111111000110111100
00000001111111111010
00000011110100100110
00000011100110101100
00000001011101100111
11111110100010100100
11111100011001011001
11111100001011010110
11111101111111111010
00000000111000110111
00000011010011011101
00000011111101001001
00000010011111101100
11111111101100111101
11111101000100011001
11111100000000000000
11111101000100010001
11111111101100110001
00000010011111100010
00000011111101001000
00000011010011100100
00000000111001000011
11111110000000000101
11111100001011011001
11111100011001010011
11111110100010011000
00000001011101011011
00000011100110100110
00000011110100101001
00000010000000000101
11111111000111001000
11111100101100100010
11111100000010110110
11111101100000010011
00000000010011000010
00000010111011100101
00000011111111111111
00000010111011101110
00000000010011001110
11111101100000011101
11111100000010110111
11111100101100011011
11111111000110111011
00000001111111111010
00000011110100100110
00000011100110101100
00000001011101100111
11111110100010100100
11111100011001011001
11111100001011010110
11111101111111111010
00000000111000110111
00000011010011011101
00000011111101001001
00000010011111101100
11111111101100111110
11111101000100011010
11111100000000000000
11111101000100010001
11111111101100110001
00000010011111100010
00000011111101001000
00000011010011100100
00000000111001000100
11111110000000000101
11111100001011011001
11111100011001010011
11111110100010011000
00000001011101011011
00000011100110100110
00000011110100101010
00000010000000000101
11111111000111001000
11111100101100100010
11111100000010110110
11111101100000010011
00000000010011000001
00000010111011100101
00000011111111111111
00000010111011101110
00000000010011001110
11111101100000011101
11111100000010110111
11111100101100011011
11111111000110111011
00000001111111111010
00000011110100100110
00000011100110101100
00000001011101100111
11111110100010100100
11111100011001011001
11111100001011010101
11111101111111111010
00000000111000110111
00000011010011011101
00000011111101001001
00000010011111101100
11111111101100111110
11111101000100011010
11111100000000000000
11111101000100010001
11111111101100110001
00000010011111100010
00000011111101001000
00000011010011100100
00000000111001000100
11111110000000000101
11111100001011011001
11111100011001010011
11111110100010011000
00000001011101011011
00000011100110100110
00000011110100101010
00000010000000000101
11111111000111001000
11111100101100100010
11111100000010110110
11111101100000010011
00000000010011000001
00000010111011100101
00000011111111111111
00000010111011101110
00000000010011001111
11111101100000011101
11111100000010110111
11111100101100011011
11111111000110111011
00000001111111111010
00000011110100100110
00000011100110101100
00000001011101100111
11111110100010100100
11111100011001011001
11111100001011010101
11111101111111111010
00000000111000110111
00000011010011011101
00000011111101001010
00000010011111101100
11111111101100111110
11111101000100011010
11111100000000000000
11111101000100010001
11111111101100110000
00000010011111100001
00000011111101000111
00000011010011100100
00000000111001000100
11111110000000000101
11111100001011011001
11111100011001010011
11111110100010010111
00000001011101011011
00000011100110100110
00000011110100101010
00000010000000000101
11111111000111001000
11111100101100100010
11111100000010110101
11111101100000010011
00000000010011000001
00000010111011100101
00000011111111111111
00000010111011101110
00000000010011001111
11111101100000011110
11111100000010111000
11111100101100011011
11111111000110111011
00000001111111111010
00000011110100100110
00000011100110101100
00000001011101101000
11111110100010100100
11111100011001011001
11111100001011010101
11111101111111111010
00000000111000110111
00000011010011011101
00000011111101001010
00000010011111101100
11111111101100111110
11111101000100011010
11111100000000000000
11111101000100010000
11111111101100110000
00000010011111100001
00000011111101000111
00000011010011100100
00000000111001000100
11111110000000000101
11111100001011011001
11111100011001010011
11111110100010010111
00000001011101011011
00000011100110100110
00000011110100101010
00000010000000000110
11111111000111001000
11111100101100100010
11111100000010110101
11111101100000010011
00000000010011000001
00000010111011100101
00000011111111111111
00000010111011101111
00000000010011001111
11111101100000011110
11111100000010111000
11111100101100011010
11111111000110111011
00000001111111111001
00000011110100100110
00000011100110101100
00000001011101101000
11111110100010100100
11111100011001011001
11111100001011010101
11111101111111111001
00000000111000110110
00000011010011011101
00000011111101001010
00000010011111101100
11111111101100111110
11111101000100011010
11111100000000000000
11111101000100010000
11111111101100110000
00000010011111100001
00000011111101000111
00000011010011100101
00000000111001000100
11111110000000000110
11111100001011011001
11111100011001010011
11111110100010010111
00000001011101011011
00000011100110100110
00000011110100101010
00000010000000000110
11111111000111001001
11111100101100100010
11111100000010110101
11111101100000010011
00000000010011000001
00000010111011100101
00000011111111111111
00000010111011101111
00000000010011001111
11111101100000011110
11111100000010111000
11111100101100011010
11111111000110111011
00000001111111111001
00000011110100100110
00000011100110101100
00000001011101101000
11111110100010100100
11111100011001011001
11111100001011010101
11111101111111111001
00000000111000110110
00000011010011011101
00000011111101001010
00000010011111101100
11111111101100111110
11111101000100011010
11111100000000000000
11111101000100010000
11111111101100110000
00000010011111100001
00000011111101000111
00000011010011100101
00000000111001000100
11111110000000000110
11111100001011011010
11111100011001010011
11111110100010010111
00000001011101011011
00000011100110100110
00000011110100101010
00000010000000000110
11111111000111001001
11111100101100100010
11111100000010110101
11111101100000010011
00000000010011000001
00000010111011100101
00000011111111111111
00000010111011101111
00000000010011001111
11111101100000011110
11111100000010111000
11111100101100011010
11111111000110111011
00000001111111111001
00000011110100100101
00000011100110101100
00000001011101101000
11111110100010100101
11111100011001011001
11111100001011010101
11111101111111111001
00000000111000110110
00000011010011011100
00000011111101001010
00000010011111101100
11111111101100111110
11111101000100011010
11111100000000000000
11111101000100010000
11111111101100110000
00000010011111100001
00000011111101000111
00000011010011100101
00000000111001000100
11111110000000000110
11111100001011011010
11111100011001010011
11111110100010010111
00000001011101011010
00000011100110100110
00000011110100101010
00000010000000000110
11111111000111001001
11111100101100100011
11111100000010110101
11111101100000010010
00000000010011000001
00000010111011100101
00000011111111111111
