0.500000000000000
0.366526009050286
0.0373652612413221
-0.311744648730674
-0.494415349009471
-0.413119690011909
-0.111261095951156
0.249999348165758
0.477786149344628
0.450484853829405
0.182671513102145
-0.182669411171380
-0.450483874110991
-0.477786814906273
-0.250001303666785
0.111258894544852
0.413118418022269
0.494415685546629
0.311746414118800
-0.0373630095358228
-0.366524473203892
-0.499999999994901
-0.366527544889205
-0.0373675129460604
0.311742883336189
0.494415012462230
0.413120961993125
0.111263297355191
-0.249997392659632
-0.477785483773239
-0.450485833538630
-0.182673615029184
0.182667309236890
0.450482894383390
0.477787480458173
0.250003259162713
-0.111256693136278
-0.413117146024203
-0.494416022073704
-0.311748179500568
0.0373607578295618
0.366522937350024
0.499999999979605
0.366529080720650
0.0373697646500334
-0.311741117935347
-0.494414675904904
-0.413122233965914
-0.111265498756958
0.249995437148408
0.477784818192106
0.450486813238670
0.182675716952499
-0.182665207298674
-0.450481914646602
-0.477788146000329
-0.250005214653544
0.111254491725434
0.413115874017712
0.494416358590695
0.311749944875979
-0.0373585061225371
-0.366521401488678
-0.499999999954112
-0.366530616544618
-0.0373720163532443
0.311739352528146
0.494414339337496
0.413123505930277
0.111267700156452
-0.249993481632086
-0.477784152601228
-0.450487792929520
-0.182677818872086
0.182663105356732
0.450480934900626
0.477788811532742
0.250007170139273
-0.111252290312325
-0.413114602002797
-0.494416695097603
-0.311751710245029
0.0373562544147576
0.366519865619857
0.499999999918422
0.366532152361113
0.0373742680557002
-0.311737587114590
-0.494414002760004
-0.413124777886214
-0.111269901553681
0.249991526110664
0.477783487000605
0.450488772611184
0.182679920787950
-0.182661003411067
-0.450479955145462
-0.477789477055410
-0.250009125619906
0.111250088896948
0.413113329979457
0.494417031594427
0.311753475607730
-0.0373540027062020
-0.366518329743562
-0.499999999872534
-0.366533688170130
-0.0373765197573831
0.311735821694673
0.494413666172429
0.413126049833728
0.111272102948633
-0.249989570584143
-0.477782821390241
-0.450489752283661
-0.182682022700088
0.182658901461674
0.450478975381114
0.477790142568331
0.250011081095441
-0.111247887479297
-0.413112057947685
-0.494417368081169
-0.311755240964062
0.0373517509968988
0.366516793859791
0.499999999816449
0.366535223971674
0.0373787714583108
-0.311734056268404
-0.494413329574771
-0.413127321772816
-0.111274304341330
0.249987615052523
0.477782155770130
0.450490731946947
0.182684124608494
-0.182656799508555
-0.450477995607576
-0.477790808071511
-0.250013036565871
0.111245686059378
0.413110785907496
0.494417704557827
0.311757006314042
-0.0373494992868268
-0.366515257968550
-0.499999999750166
-0.366536759765742
-0.0373810231584763
0.311732290835767
0.494412992967028
0.413128593703479
0.111276505731736
-0.249985659515811
-0.477781490140273
-0.450491711601048
-0.182686226513188
0.182654697551718
0.450477015824850
0.477791473564946
0.250014992031214
-0.111243484637197
-0.413109513858877
-0.494418041024400
-0.311758771657657
0.0373472475759930
0.366513722069829
0.499999999673686
0.366538295552331
0.0373832748578793
-0.311730525396782
-0.494412656349203
-0.413129865625712
-0.111278707119894
0.249983703973988
0.477780824500679
0.450492691245962
0.182688328414136
-0.182652595591149
-0.450476036032937
-0.477792139048639
-0.250016947491445
0.111241283212733
0.413108241801830
0.494418377480892
0.311760536994926
-0.0373449958644046
-0.366512186163634
-0.499999999587009
-0.366539831331449
-0.0373855265565058
0.311728759951429
0.494412319721295
0.413131137539528
0.111280908505783
-0.249981748427080
-0.477780158851334
-0.450493670881685
-0.182690430311377
0.182650493626861
0.450475056231840
0.477792804522579
0.250018902946578
-0.111239081786001
-0.413106969736365
-0.494418713927300
-0.311762302325825
0.0373427441520404
0.366510650249968
0.499999999490135
0.366541367103087
0.0373877782543910
-0.311726994499730
-0.494411983083304
-0.413132409444910
-0.111283109889388
0.249979792875061
0.477779493192248
0.450494650508227
0.182692532204880
-0.182648391658836
-0.450474076421555
-0.477793469986783
-0.250020858396624
0.111236880357028
0.413105697662475
0.494419050363623
0.311764067650377
-0.0373404924389288
-0.366509114328818
-0.499999999383063
-0.366542902867259
-0.0373900299515138
0.311725229041673
0.494411646435227
0.413133681341866
0.111285311270724
-0.249977837317956
-0.477778827523415
-0.450495630125575
-0.182694634094670
0.182646289687085
0.450473096602078
0.477794135441242
0.250022813841559
-0.111234678925758
-0.413104425580160
-0.494419386789863
-0.311765832968548
0.0373382407250414
0.366507578400203
0.499999999265794
0.366544438623955
0.0373922816478598
-0.311723463577248
-0.494411309777070
-0.413134953230404
-0.111287512649790
0.249975881755752
0.477778161844846
0.450496609733735
0.182696735980721
-0.182644187711622
-0.450472116773413
-0.477794800885953
-0.250024769281407
0.111232477492233
0.413103153489412
0.494419723206019
0.311767598280384
-0.0373359890104068
-0.366506042464113
-0.499999999138328
-0.366545974373166
-0.0373945333434574
0.311721698106476
0.494410973108826
0.413136225110509
0.111289714026600
-0.249973926188451
-0.477777496156524
-0.450497589332713
-0.182698837863046
0.182642085732435
0.450471136935566
0.477795466320924
0.250026724716143
-0.111230276056427
-0.413101881390247
-0.494420059612093
-0.311769363585861
0.0373337372950107
0.366504506520538
0.499999999000665
0.366547510114902
0.0373967850382781
-0.311719932629335
-0.494410636430502
-0.413137496982196
-0.111291915401140
0.249971970616039
0.477776830458459
0.450498568922498
0.182700939741657
-0.182639983749522
-0.450470157088539
-0.477796131746146
-0.250028680145780
0.111228074618365
0.413100609282641
0.494420396008084
0.311771128884968
-0.0373314855788531
-0.366502970569489
-0.499999998852804
-0.366549045849162
-0.0373990367323221
0.311718167145848
0.494410299742094
0.413138768845450
0.111294116773411
-0.249970015038529
-0.477776164750653
-0.450499548503095
-0.182703041616543
0.182637881762872
0.450469177232313
0.477796797161620
0.250030635570330
-0.111225873178035
-0.413099337166634
-0.494420732393990
-0.311772894177728
0.0373292338619201
0.366501434610985
0.499999998694746
0.366550581575956
0.0374012884256316
-0.311716401655993
-0.494409963043601
-0.413140040700277
-0.111296318143384
0.249968059455933
0.477775499033099
0.450500528074504
0.182705143487676
-0.182635779772510
-0.450468197366899
-0.477797462567361
-0.250032590989781
0.111223671735409
0.413098065042194
0.494421068769812
0.311774659464119
-0.0373269821442257
-0.366499898644996
-0.499999998526490
-0.366552117295265
-0.0374035401181783
0.311714636159792
0.494409626335025
0.413141312546695
0.111298519511101
-0.249966103868240
-0.477774833305806
-0.450501507636738
-0.182707245355097
0.182633677778396
0.450467217492304
0.477798127963350
0.250034546404121
-0.111221470290542
-0.413096792909312
-0.494421405135550
-0.311776424744151
0.0373247304257843
0.366498362671513
0.499999998348037
0.366553653007117
0.0374057918099480
-0.311712870657233
-0.494409289616371
-0.413142584384671
-0.111300720876576
0.249964148275448
0.477774167568768
0.450502487189772
0.182709347218817
-0.182631575780611
-0.450466237608510
-0.477798793349594
-0.250036501813361
0.111219268843435
0.413095520768022
0.494421741491205
0.311778190017824
-0.0373224787065532
-0.366496826690575
-0.499999998159387
-0.366555188711455
-0.0374080435009832
0.311711105148317
0.494408952887626
0.413143856214204
0.111302922239754
-0.249962192677558
-0.477773501821986
-0.450503466733630
-0.182711449078785
0.182629473779048
0.450465257715554
0.477799458726102
0.250038457217501
-0.111217067394004
-0.413094248618323
-0.494422077836781
-0.311779955285139
0.0373202269866177
0.366495290702163
0.499999997960540
0.366556724408356
0.0374102951911988
-0.311709339633021
-0.494408616148802
-0.413145128035345
-0.111305123600661
0.249960237074546
0.477772836065460
0.450504446268275
0.182713550935026
-0.182627371773787
-0.450464277813385
-0.477800124092849
-0.250040412616567
0.111214865942333
0.413092976460167
0.494422414172269
0.311781720546117
-0.0373179752658927
-0.366493754706276
-0.499999997751495
-0.366558260097762
-0.0374125468807081
0.311707574111413
0.494408279399890
0.413146399848043
0.111307324959299
-0.249958281466461
-0.477772170299182
-0.450505425793745
-0.182715652787541
0.182625269764802
0.450463297902043
0.477800789449868
0.250042368010509
-0.111212664488365
-0.413091704293602
-0.494422750497673
-0.311783485800715
0.0373157235443783
0.366492218702914
0.499999997532253
0.366559795779692
0.0374147985694261
-0.311705808583403
-0.494407942640900
-0.413147671652331
-0.111309526315666
0.249956325853278
0.477771504523169
0.450506405310040
0.182717754636330
-0.182623167752092
-0.450462317981513
-0.477801454797134
-0.250044323399351
0.111210463032157
0.413090432118597
0.494423086812994
0.311785251048954
-0.0373134718221312
-0.366490682692059
-0.499999997302814
-0.366561331454166
-0.0374170502573809
0.311704043049059
0.494407605871830
0.413148943448177
0.111311727669791
-0.249954370234997
-0.477770838737411
-0.450507384817134
-0.182719856481418
0.182621065735657
0.450461338051783
0.477802120134655
0.250046278783094
-0.111208261573709
-0.413089159935182
-0.494423423118235
-0.311787016290834
0.0373112200991231
0.366489146673748
0.499999997063178
0.366562867121125
0.0374193019446011
-0.311702277508357
-0.494407269092669
-0.413150215235581
-0.111313929021618
0.249952414611618
0.477770172941909
0.450508364315053
0.182721958322754
-0.182618963715471
-0.450460358112892
-0.477802785462441
-0.250048234161737
0.111206060112937
0.413087887743359
0.494423759413389
0.311788781526355
-0.0373089683753540
-0.366487610647963
-0.499999996813344
-0.366564402780647
-0.0374215536310014
0.311700511961276
0.494406932303428
0.413151487014591
0.111316130371147
-0.249950458983118
-0.477769507136664
-0.450509343803759
-0.182724060160363
0.182616861691588
0.450459378164788
0.477803450780465
0.250050189535305
-0.111203858649925
-0.413086615543079
-0.494424095698459
-0.311790546755540
0.0373067166508240
0.366486074614704
0.499999996553313
0.366565938432673
0.0374238053166951
-0.311698746407882
-0.494406595504100
-0.413152758785159
-0.111318331718461
0.249948503349544
0.477768841321666
0.450510323283290
0.182726161994246
-0.182614759663979
-0.450458398207511
-0.477804116088761
-0.250052144903724
0.111201657184618
0.413085343334390
0.494424431973446
0.311792311978344
-0.0373044649255049
-0.366484538573970
-0.499999996283084
-0.366567474077224
-0.0374260570015973
0.311696980848087
0.494406258694693
0.413154030547317
0.111320533063477
-0.249946547710872
-0.477768175496933
-0.450511302753645
-0.182728263824401
0.182612657632647
0.450457418241046
0.477804781387304
0.250054100267093
-0.111199455717070
-0.413084071117261
-0.494424768238349
-0.311794077194789
0.0373022131994533
0.366483002525743
0.499999996002658
0.366569009714298
0.0374283086857362
-0.311695215281958
-0.494405921875203
-0.413155302301033
-0.111322734406251
0.249944592067103
0.477767509662456
0.450512282214799
0.182730365650857
-0.182610555597590
-0.450456438265382
-0.477805446676102
-0.250056055625337
0.111197254247282
0.413082798891723
0.494425104493172
0.311795842404874
-0.0372999614726409
-0.366481466470061
-0.499999995712035
-0.366570545343897
-0.0374305603691118
0.311693449709493
0.494405585045626
0.413156574046323
0.111324935746727
-0.249942636418237
-0.477766843818234
-0.450513261666766
-0.182732467473533
0.182608453558756
0.450455458280543
0.477806111955164
0.250058010978481
-0.111195052775171
-0.413081526657776
-0.494425440737904
-0.311797607608601
0.0372977097450394
0.366479930406885
0.499999995411215
0.366572080966039
0.0374328120517240
-0.311691684130627
-0.494405248205978
-0.413157845783202
-0.111327137084932
0.249940680764248
0.477766177964269
0.450514241109544
0.182734569292535
-0.182606351516304
-0.450454478286505
-0.477806777224473
-0.250059966326551
0.111192851300819
0.413080254415372
0.494425776972556
0.311799372805969
-0.0372954580167056
-0.366478394336255
-0.499999995100197
-0.366573616580685
-0.0374350637336011
0.311689918545427
0.494404911356234
0.413159117511608
0.111329338420894
-0.249938725105186
-0.477765512100552
-0.450515220543135
-0.182736671107784
0.182604249470048
0.450453498283318
0.477807442484038
0.250061921669495
-0.111190649824173
-0.413078982164560
-0.494426113197128
-0.311801137996978
0.0372932062876396
0.366476858258150
0.499999994778982
0.366575152187855
0.0374373154146864
-0.311688152953848
-0.494404574496411
-0.413160389231635
-0.111331539754558
0.249936769441003
0.477764846227100
0.450516199967549
0.182738772919306
-0.182602147420095
-0.450452518270906
-0.477808107733857
-0.250063877007340
0.111188448345286
0.413077709905308
0.494426449411617
0.311802903181628
-0.0372909545577846
-0.366475322172590
-0.499999994447570
-0.366576687787549
-0.0374395670950081
0.311686387355934
0.494404237626501
0.413161660943236
0.111333741085896
-0.249934813771747
-0.477764180343895
-0.450517179382776
-0.182740874727102
0.182600045366417
0.450451538249321
0.477808772973933
0.250065832340085
-0.111186246864131
-0.413076437637647
-0.494426785616019
-0.311804668359963
0.0372887028271691
0.366473786079537
0.499999994105960
0.366578223379806
0.0374418187745663
-0.311684621751663
-0.494403900746511
-0.413162932646394
-0.111335942415075
0.249932858097442
0.477763514450955
0.450518158788802
0.182742976531223
-0.182597943309016
-0.450450558218548
-0.477809438204263
-0.250067787667730
0.111184045380709
0.413075165361561
0.494427121810336
0.311806433531895
-0.0372864510957364
-0.366472249979010
-0.499999993754154
-0.366579758964548
-0.0374440704534176
0.311682856141036
0.494403563856439
0.413164204341127
0.111338143741927
-0.249930902417942
-0.477762848548287
-0.450519138185640
-0.182745078331564
0.182595841247837
0.450449578178589
0.477810103424848
0.250069742990275
-0.111181843895020
-0.413073893077051
-0.494427457994570
-0.311808198697468
0.0372841993635999
0.366470713870970
0.499999993392149
0.366581294541774
0.0374463221314485
-0.311681090524008
-0.494403226956283
-0.413165476027433
-0.111340345066509
0.249928946733394
0.477762182635859
0.450520117573290
0.182747180128178
-0.182593739182987
-0.450448598129418
-0.477810768635689
-0.250071698307720
0.111179642407063
0.413072620784116
0.494427794168720
0.311809963856681
-0.0372819476307031
-0.366469177755495
-0.499999993019948
-0.366582830111564
-0.0374485738086591
0.311679324900667
0.494402890046036
0.413166747705312
0.111342546388820
-0.249926991043749
-0.477761516713671
-0.450521096951727
-0.182749281921066
0.182591637114414
0.450447618071085
0.477811433836785
0.250073653620064
-0.111177440916838
-0.413071348482757
-0.494428130332796
-0.311811729009535
0.0372796958970459
0.366467641632546
0.499999992637549
0.366584365673876
0.0374508254851625
-0.311677559271014
-0.494402553125714
-0.413168019374798
-0.111344747708860
0.249925035349006
0.477760850781756
0.450522076321025
0.182751383710173
-0.182589535042116
-0.450446638003565
-0.477812099028153
-0.250075608927309
0.111175239424346
0.413070076172973
0.494428466486770
0.311813494156074
-0.0372774441626284
-0.366466105502123
-0.499999992244953
-0.366585901228752
-0.0374530771609022
0.311675793634961
0.494402216195309
0.413169291035825
0.111346949026629
-0.249923079649167
-0.477760184840096
-0.450523055681110
-0.182753485495659
0.182587432966148
0.450445657926859
0.477812764209760
0.250077564229502
-0.111173037929587
-0.413068803854765
-0.494428802630669
-0.311815259296165
0.0372751924274506
0.366464569364225
0.499999991842160
0.366587436776112
0.0374553288359348
-0.311674027992551
-0.494401879254830
-0.413170562688425
-0.111349150342183
0.249921123944230
0.477759518888694
0.450524035032007
0.182755587277365
-0.182585330886350
-0.450444677840966
-0.477813429381622
-0.250079519526547
0.111170836432505
0.413067531528133
0.494429138764485
0.311817024429941
-0.0372729406915127
-0.366463033218854
-0.499999991429169
-0.366588972315995
-0.0374575805101467
0.311672262343740
0.494401542304258
0.413171834332567
0.111351351655410
-0.249919168234147
-0.477758852927547
-0.450525014373716
-0.182757689055343
0.182583228802881
0.450443697745887
0.477814094543738
0.250081474818490
-0.111168634933211
-0.413066259193044
-0.494429474888217
-0.311818789557358
0.0372706889548145
0.366461497065971
0.499999991005981
0.366590507848403
0.0374598321835947
-0.311670496688616
-0.494401205343595
-0.413173105968315
-0.111353552966311
0.249917212519017
0.477758186956640
0.450525993706236
0.182759790829595
-0.182581126715688
-0.450442717641620
-0.477814759696111
-0.250083430105334
0.111166433431650
0.413064986849563
0.494429811001874
0.311820554678415
-0.0372684372173563
-0.366459960905691
-0.499999990572596
-0.366592043373334
-0.0374620838562788
0.311668731027137
0.494400868372858
0.413174377595668
0.111355754274997
-0.249915256798789
-0.477757520976006
-0.450526973029593
-0.182761892600119
0.182579024624772
0.450441737528168
0.477815424838738
0.250085385387077
-0.111164231927822
-0.413063714497658
-0.494430147105438
-0.311822319793158
0.0372661854791379
0.366458424737898
0.499999990129013
0.366593578890827
0.0374643355281988
-0.311666965359301
-0.494400531392037
-0.413175649214562
-0.111357955581467
0.249913301073514
0.477756854985628
0.450527952343737
0.182763994366968
-0.182576922530132
-0.450440757405528
-0.477816089971620
-0.250087340663720
0.111162030421726
0.413062442137328
0.494430483198919
0.311824084901496
-0.0372639337401029
-0.366456888562632
-0.499999989675234
-0.366595114400766
-0.0374665871994114
0.311665199685109
0.494400194401133
0.413176920825030
0.111360156885610
-0.249911345343043
-0.477756188985524
-0.450528931648693
-0.182766096130037
0.182574820431716
0.450439777273703
0.477816755094758
0.250089295935262
-0.111159828913363
-0.413061169768575
-0.494430819282316
-0.311825850003475
0.0372616820003645
0.366455352379853
0.499999989211256
0.366596649903267
0.0374688388698033
-0.311663434004516
-0.494399857400147
-0.413178192427072
-0.111362358187482
0.249909389607525
0.477755522975659
0.450529910944435
0.182768197889379
-0.182572718329629
-0.450438797132665
-0.477817420208150
-0.250091251201704
0.111157627402734
0.413059897391397
0.494431155355630
0.311827615099094
-0.0372594302598662
-0.366453816189640
-0.499999988737082
-0.366598185398292
-0.0374710905393743
0.311661668317612
0.494399520389068
0.413179464020686
0.111364559487083
-0.249907433866909
-0.477754856956034
-0.450530890231014
-0.182770299644994
0.182570616223818
0.450437816982466
0.477818085311815
0.250093206463046
-0.111155425889837
-0.413058625005794
-0.494431491418859
-0.311829380188354
0.0372571785186081
0.366452279991952
0.499999988252710
0.366599720885840
0.0374733422082377
-0.311659902624395
-0.494399183367915
-0.413180735605907
-0.111366760784413
0.249905478121198
0.477754190926681
0.450531869508429
0.182772401396827
-0.182568514114284
-0.450436836823081
-0.477818750405718
-0.250095161719286
0.111153224374673
0.413057352611768
0.494431827472005
0.311831145271298
-0.0372549267765900
-0.366450743786791
-0.499999987758141
-0.366601256365950
-0.0374755938763369
0.311658136924778
0.494398846336688
0.413182007182668
0.111368962079472
-0.249903522370389
-0.477753524887586
-0.450532848776631
-0.182774503145040
0.182566412001080
0.450435856654509
0.477819415489875
0.250097116970476
-0.111151022857243
-0.413056080209318
-0.494432163515067
-0.311832910347794
0.0372526750338122
0.366449207574156
0.499999987253375
0.366602791838544
0.0374778455437285
-0.311656371218805
-0.494398509295368
-0.413183278751003
-0.111371163372314
0.249901566614484
0.477752858838746
0.450533828035645
0.182776604889471
-0.182564309884046
-0.450434876476775
-0.477820080564288
-0.250099072216515
0.111148821337490
0.413054807798443
0.494432499548046
0.311834675417975
-0.0372504232902747
-0.366447671354048
-0.499999986738411
-0.366604327303662
-0.0374800972102991
0.311654605506431
0.494398172243966
0.413184550310879
0.111373364662830
-0.249899610853433
-0.477752192780163
-0.450534807285470
-0.182778706630175
0.182562207763342
0.450433896289806
0.477820745628956
0.250101027457454
-0.111146619815526
-0.413053535379112
-0.494432835570941
-0.311836440481796
0.0372481715459774
0.366446135126466
0.499999986213250
0.366605862761304
0.0374823488761053
-0.311652839787746
-0.494397835182472
-0.413185821862360
-0.111375565951019
0.249897655087334
0.477751526711820
0.450535786526106
0.182780808367151
-0.182560105638915
-0.450432916093675
-0.477821410683879
-0.250102982693293
0.111144418291295
0.413052262951389
0.494433171583760
0.311838205539257
-0.0372459198009204
-0.366444598891411
-0.499999985677892
-0.366607398211468
-0.0374846005411470
0.311651074062704
0.494397498110904
0.413187093405447
0.111377767236992
-0.249895699316188
-0.477750860633750
-0.450536765757579
-0.182782910100400
0.182558003510764
0.450431935888357
0.477822075729057
0.250104937924030
-0.111142216764797
-0.413050990515243
-0.494433507586487
-0.311839970590403
0.0372436680551039
0.366443062648882
0.499999985132336
0.366608933654194
0.0374868522054243
-0.311649308331307
-0.494397161029253
-0.413188364940075
-0.111379968520749
0.249893743539897
0.477750194545936
0.450537744979839
0.182785011829974
-0.182555901378891
-0.450430955673853
-0.477822740764491
-0.250106893149667
0.111140015236032
0.413049718070672
0.494433843579131
0.311841735635144
-0.0372414163084711
-0.366441526398880
-0.499999984576583
-0.366610469089367
-0.0374891038689937
0.311647542593554
0.494396823937518
0.413189636466276
0.111382169802178
-0.249891787758459
-0.477749528448396
-0.450538724192910
-0.182787113555767
0.182553799243241
0.450429975450163
0.477823405790179
0.250108848370203
-0.111137813705001
-0.413048445617677
-0.494434179561690
-0.311843500673526
0.0372391645611354
0.366439990141365
0.499999984010633
0.366612004517100
0.0374913555316851
-0.311645776849400
-0.494396486835701
-0.413190907984050
-0.111384371081337
0.249889831971975
0.477748862341078
0.450539703396767
0.182789215277832
-0.182551697103921
-0.450428995217261
-0.477824070806122
-0.250110803585638
0.111135612171703
0.413047173156258
0.494434515534166
0.311845265705547
-0.0372369128130403
-0.366438453876416
-0.499999983434486
-0.366613539937357
-0.0374936071936687
0.311644011098935
0.494396149723792
0.413192179493398
0.111386572358223
-0.249887876180394
-0.477748196224034
-0.450540682591461
-0.182791316996116
0.182549594960878
0.450428014975198
0.477824735812336
0.250112758795972
-0.111133410636139
-0.413045900686415
-0.494434851496558
-0.311847030731209
0.0372346610641857
0.366436917603994
0.499999982848141
0.366615075350138
0.0374958588548875
-0.311642245342114
-0.494395812601817
-0.413193450994350
-0.111388773632783
0.249885920383717
0.477747530097230
0.450541661776991
0.182793418710778
-0.182547492814164
-0.450427034723949
-0.477825400808773
-0.250114714001205
0.111131209098252
0.413044628208149
0.494435187448875
0.311848795750511
-0.0372324093145718
-0.366435381324137
-0.499999982251599
-0.366616610755518
-0.0374981105153417
0.311640479578937
0.494395475469751
0.413194722486844
0.111390974905181
-0.249883964581943
-0.477746863960699
-0.450542640953308
-0.182795520421712
0.182545390663675
0.450426054463513
0.477826065795481
0.250116669201386
-0.111129007558210
-0.413043355721458
-0.494435523391099
-0.311850560763452
0.0372301575641418
0.366433845036767
0.499999981644860
0.366618146153267
0.0375003621750878
-0.311638713809404
-0.494395138327601
-0.413195993970910
-0.111393176175253
0.249882008775073
0.477746197814458
0.450543620120436
0.182797622128865
-0.182543288509410
-0.450425074193891
-0.477826730772443
-0.250118624396417
0.111126806015847
0.413042083226344
0.494435859323240
0.311852325770034
-0.0372279058130092
-0.366432308741886
-0.499999981027923
-0.366619681543616
-0.0375026138340123
0.311636948033471
0.494394801175369
0.413197265446550
0.111395377443053
-0.249880052963058
-0.477745531658423
-0.450544599278376
-0.182799723832290
0.182541186351475
0.450424093915083
0.477827395739661
0.250120579586347
-0.111124604471216
-0.413040810722774
-0.494436195245297
-0.311854090770255
0.0372256540611174
0.366430772439571
0.499999980400789
0.366621216926488
0.0375048654921721
-0.311635182251227
-0.494394464013045
-0.413198536913762
-0.111397578708580
0.249878097145995
0.477744865492662
0.450545578427126
0.182801825531881
-0.182539084189817
-0.450423113627064
-0.477828060697151
-0.250122534771176
0.111122402924320
0.413039538210812
0.494436531157261
0.311855855764117
-0.0372234023084664
-0.366429236129782
-0.499999979763458
-0.366622752301921
-0.0375071171495669
0.311633416462716
0.494394126840647
0.413199808372548
0.111399779971836
-0.249876141323837
-0.477744199317157
-0.450546557566713
-0.182803927227903
0.182536982024437
0.450422133329884
0.477828725644878
0.250124489950904
-0.111120201375157
-0.413038265690426
-0.494436867059150
-0.311857620751662
0.0372211505550562
0.366427699812520
0.499999979115929
0.366624287669839
0.0375093688061968
-0.311631650667761
-0.494393789658165
-0.413201079822939
-0.111401981232875
0.249874185496582
0.477743533131908
0.450547536697086
0.182806028920144
-0.182534879855333
-0.450421153023517
-0.477829390582861
-0.250126445125580
0.111117999823673
0.413036993161617
0.494437202950956
0.311859385732803
-0.0372188988008869
-0.366426163487785
-0.499999978458203
-0.366625823030280
-0.0375116204621184
0.311629884866405
0.494393452465601
0.413202351264838
0.111404182491587
-0.249872229664231
-0.477742866936900
-0.450548515818271
-0.182808130608603
0.182532777682454
0.450420172708013
0.477830055511115
0.250128400295105
-0.111115798270033
-0.413035720624351
-0.494437538832677
-0.311861150707540
0.0372166470460152
0.366424627155576
0.499999977790280
0.366627358383243
0.0375138721171616
-0.311628119058739
-0.494393115262954
-0.413203622698342
-0.111406383748027
0.249870273826785
0.477742200732165
0.450549494930267
0.182810232293493
-0.182530675505906
-0.450419192383274
-0.477830720429607
-0.250130355459529
0.111113596714071
0.413034448078694
0.494437874704315
0.311862915676049
-0.0372143952903278
-0.366423090815895
-0.499999977112160
-0.366628893728730
-0.0375161237714964
0.311626353244716
0.494392778050223
0.413204894123420
0.111408585002195
-0.249868317984242
-0.477741534517687
-0.450550474033074
-0.182812333974548
0.182528573325634
0.450418212049349
0.477831385338354
0.250132310618852
-0.111111395155733
-0.413033175524614
-0.494438210565868
-0.311864680638109
0.0372121435338815
0.366421554468741
0.499999976423842
0.366630429066739
0.0375183754251794
-0.311624587424339
-0.494392440827410
-0.413206165540070
-0.111410786254091
0.249866362136603
0.477740868293465
0.450551453126692
0.182814435651876
-0.182526471141640
-0.450417231706189
-0.477832050237356
-0.250134265772975
0.111109193595239
0.413031902962110
0.494438546417338
0.311866445593809
-0.0372098917766762
-0.366420018114036
-0.499999975725327
-0.366631964397270
-0.0375206270779839
0.311622821597606
0.494392103594514
0.413207436948293
0.111412987503714
-0.249864406283868
-0.477740202059500
-0.450552432211121
-0.182816537325474
0.182524368953924
0.450416251353891
0.477832715126612
0.250136220922095
-0.111106992032480
-0.413030630391182
-0.494438882258741
-0.311868210543148
0.0372076400187120
0.366418481751935
0.499999975016615
0.366633499720325
0.0375228787300232
-0.311621055764517
-0.494391766351518
-0.413208708348089
-0.111415188751065
0.249862450426038
0.477739535815791
0.450553411286362
0.182818638995345
-0.182522266762484
-0.450415270992408
-0.477833380006124
-0.250138176066212
0.111104790467454
0.413029357811894
0.494439218090043
0.311869975486127
-0.0372053882599890
-0.366416945382362
-0.499999974297705
-0.366635035035979
-0.0375251303811838
0.311619289925073
0.494391429098456
0.413209979739457
0.111417389996144
-0.249860494563112
-0.477738869562340
-0.450554390352414
-0.182820740661487
0.182520164567323
0.450414290621738
0.477834044875890
0.250140131205129
-0.111102588900162
-0.413028085224119
-0.494439553911261
-0.311871740422746
0.0372031365003939
0.366415409005316
0.499999973568598
0.366636570344079
0.0375273820316925
-0.311617524079274
-0.494391091835311
-0.413211251122398
-0.111419591239062
0.249858538695089
0.477738203299145
0.450555369409277
0.182822842323900
-0.182518062368439
-0.450413310241883
-0.477834709735911
-0.250142086338945
0.111100387330605
0.413026812627921
0.494439889722396
0.311873505353004
-0.0372008847401533
-0.366413872620796
-0.499999972829294
-0.366638105644701
-0.0375296336814359
0.311615758227031
0.494390754562083
0.413212522496912
0.111421792479596
-0.249856582821971
-0.477737537026206
-0.450556348456951
-0.182824943982585
0.182515960165832
0.450412329852842
0.477835374586186
0.250144041467659
-0.111098185758781
-0.413025540023235
-0.494440225523446
-0.311875270276812
0.0371986329791541
0.366412336228804
0.499999972079792
0.366639640937846
0.0375318853304138
-0.311613992368521
-0.494390417278790
-0.413213793862999
-0.111423993717858
0.249854626943758
0.477736870743491
0.450557327495436
0.182827045637541
-0.182513857959504
-0.450411349454614
-0.477836039426717
-0.250145996591271
0.111095984184692
0.413024267410189
0.494440561314413
0.311877035194349
-0.0371963812173962
-0.366410799829340
-0.499999971320093
-0.366641176223513
-0.0375341369786263
0.311612226503656
0.494390079985396
0.413215065220658
0.111426194953847
-0.249852671060448
-0.477736204451067
-0.450558306524732
-0.182829147288768
0.182511755749453
0.450410369047201
0.477836704257535
0.250147951709782
-0.111093782608337
-0.413022994788720
-0.494440897095295
-0.311878800105614
0.0371941294548797
0.366409263422402
0.499999970550197
0.366642711501703
0.0375363886260733
-0.311610460632435
-0.494389742681920
-0.413216336569954
-0.111428396187453
0.249850715172043
0.477735538148899
0.450559285544839
0.182831248936372
-0.182509653535679
-0.450409388630601
-0.477837369078542
-0.250149906823192
0.111091581029717
0.413021722158827
0.494441232866094
0.311880565010430
-0.0371918776916047
-0.366407727008069
-0.499999969770104
-0.366644246772415
-0.0375386402728681
0.311608694754860
0.494389405368360
0.413217607910759
0.111430597418898
-0.249848759278543
-0.477734871836987
-0.450560264555757
-0.182833350580142
0.182507551318184
0.450408408204816
0.477838033889836
0.250151861931499
-0.111089379448720
-0.413020449520512
-0.494441568626809
-0.311882329908885
0.0371896259275711
0.366406190586108
0.499999968979813
0.366645782035650
0.0375408919187840
-0.311606928870929
-0.494389068044718
-0.413218879243136
-0.111432798648070
0.249846803379848
0.477734205515333
0.450561243557486
0.182835452220183
-0.182505449096966
-0.450407427769845
-0.477838698691386
-0.250153817034705
0.111087177865568
0.413019176873772
0.494441904377439
0.311884094800979
-0.0371873741627791
-0.366404654156752
-0.499999968179325
-0.366647317291330
-0.0375431435639342
0.311605162980644
0.494388730710976
0.413220150567086
0.111434999874969
-0.249844847476156
-0.477733539183969
-0.450562222550026
-0.182837553856496
0.182503346872027
0.450406447325639
0.477839363483189
0.250155772132809
-0.111084976280261
-0.413017904218610
-0.494442240117986
-0.311885859686712
0.0371851223972287
0.366403117719924
0.499999967368640
0.366648852539687
0.0375453952083188
-0.311603397084003
-0.494388393367168
-0.413221421882608
-0.111437201099595
0.249842891567369
0.477732872842828
0.450563201533427
0.182839655489079
-0.182501244643365
-0.450405466872296
-0.477840028265248
-0.250157727225811
0.111082774692578
0.413016631555024
0.494442575848466
0.311887624566085
-0.0371828706309198
-0.366401581275622
-0.499999966547757
-0.366650387780489
-0.0375476468519376
0.311601631181007
0.494388056013277
0.413222693189703
0.111439402322060
-0.249840935653486
-0.477732206491944
-0.450564180507589
-0.182841757117933
0.182499142410981
0.450404486409767
0.477840693037561
0.250159682313810
-0.111080573102630
-0.413015358883014
-0.494442911568828
-0.311889389439097
0.0371806188638527
0.366400044823848
0.499999965716677
0.366651923013813
0.0375498984947907
-0.311599865271745
-0.494387718649304
-0.413223964488371
-0.111441603542141
0.249838979734508
0.477731540131317
0.450565159472562
0.182843858742953
-0.182497040174769
-0.450403505938053
-0.477841357800129
-0.250161637396608
0.111078371510416
0.413014086202582
0.494443247279123
0.311891154305748
-0.0371783670959139
-0.366398508364602
-0.499999964875400
-0.366653458239659
-0.0375521501368780
0.311598099355951
0.494387381275247
0.413225235778610
0.111443804759949
-0.249837023810435
-0.477730873760946
-0.450566138428346
-0.182845960364349
0.182494937934941
0.450402525457152
0.477842022552952
0.250163592474304
-0.111076169915936
-0.413012813513662
-0.494443582979334
-0.311892919166038
0.0371761153273302
0.366396971897883
0.499999964023925
0.366654993458028
0.0375544017781994
-0.311596333433890
-0.494387043891108
-0.413226507060423
-0.111446005975484
0.249835067881266
0.477730207380799
0.450567117374941
0.182848061982016
-0.182492835691391
-0.450401544967116
-0.477842687296029
-0.250165547546899
0.111073968319192
0.413011540816383
0.494443918669461
0.311894684019967
-0.0371738635581017
-0.366395435423691
-0.499999963162253
-0.366656528668919
-0.0375566534187549
0.311594567505475
0.494386706496886
0.413227778333807
0.111448207188747
-0.249833111947002
-0.477729540990943
-0.450568096312346
-0.182850163595955
0.182490733444120
0.450400564467844
0.477843352029394
0.250167502614391
-0.111071766720182
-0.413010268110681
-0.494444254349504
-0.311896448867624
0.0371716117880017
0.366393898942027
0.499999962290384
0.366658063872332
0.0375589050585444
-0.311592801570704
-0.494386369092581
-0.413229049598764
-0.111450408399737
0.249831156007643
0.477728874591343
0.450569075240563
0.182852265206269
-0.182488631193126
-0.450399583959386
-0.477844016752980
-0.250169457676782
0.111069565118906
0.413008995396555
0.494444590019463
0.311898213708832
-0.0371693600171436
-0.366392362452891
-0.499999961408318
-0.366659599068268
-0.0375611566976813
0.311591035629579
0.494386031678193
0.413230320855294
0.111452609608453
-0.249829200063188
-0.477728208182000
-0.450570054159590
-0.182854366812749
0.182486528938411
0.450398603441743
0.477844681466821
0.250171412733971
-0.111067363515255
-0.413007722674007
-0.494444925679338
-0.311899978543678
0.0371671082455274
0.366390825956282
0.499999960516054
0.366661134256725
0.0375634083359388
-0.311589269682099
-0.494385694253722
-0.413231592103395
-0.111454810814897
0.249827244113639
0.477727541762915
0.450571033069428
0.182856468415500
-0.182484426679974
-0.450397622914864
-0.477845346170916
-0.250173367786157
0.111065161909449
0.413006449943035
0.494445261329129
0.311901743372163
-0.0371648564731533
-0.366389289452123
-0.499999959613593
-0.366662669437704
-0.0375656599734302
0.311587503728264
0.494385356819169
0.413232863343069
0.111457012019067
-0.249825288158994
-0.477726875334086
-0.450572011970077
-0.182858570014521
0.182482324417815
0.450396642378850
0.477846010865266
0.250175322833241
-0.111062960301379
-0.413005177203640
-0.494445596968853
-0.311903508194287
0.0371626047000211
0.366387752940570
0.499999958700935
0.366664204611206
0.0375679116100421
-0.311585737768075
-0.494385019374516
-0.413234134574316
-0.111459213220964
0.249823332199254
0.477726208895514
0.450572990861537
0.182860671609813
-0.182480222151935
-0.450395661833649
-0.477846675549870
-0.250177277875321
0.111060758691043
0.413003904455886
0.494445932598476
0.311905273010050
-0.0371603529261311
-0.366386216421544
-0.499999957778079
-0.366665739777307
-0.0375701632460012
0.311583971801531
0.494384681919797
0.413235405797134
0.111461414420589
-0.249821376234419
-0.477725542447199
-0.450573969743807
-0.182862773201376
0.182478119882333
0.450394681279263
0.477847340224729
0.250179232912201
-0.111058557078442
-0.413002631699645
-0.494446268218015
-0.311907037819451
0.0371581011513698
0.366384679895045
0.499999956845026
0.366667274935853
0.0375724148811940
-0.311582205828632
-0.494384344454995
-0.413236677011525
-0.111463615618050
0.249819420264489
0.477724875989141
0.450574948616888
0.182864874789209
-0.182476017609010
-0.450393700715692
-0.477848004889843
-0.250181187943978
0.111056355463576
0.413001358934981
0.494446603827470
0.311908802622403
-0.0371558493759640
-0.366383143361075
-0.499999955901776
-0.366668810086920
-0.0375746665156206
0.311580439849290
0.494384006980127
0.413237948217488
0.111465816813128
-0.249817464289464
-0.477724209521340
-0.450575927480780
-0.182866976373313
0.182473915331965
0.450392720142934
0.477848669545211
0.250183142970653
-0.111054153846445
-0.413000086161830
-0.494446939426841
-0.311910567419082
0.0371535975998005
0.366381606819632
0.499999954948328
0.366670345230510
0.0375769181492809
-0.311578673863682
-0.494383669495160
-0.413239219415023
-0.111468018005932
0.249815508309345
0.477723543043762
0.450576906335483
0.182869077953687
-0.182471813051198
-0.450391739560992
-0.477849334190833
-0.250185097992225
0.111051952227049
0.412998813380320
0.494447275016128
0.311912332209400
-0.0371513458228792
-0.366380070270717
-0.499999953984683
-0.366671880366621
-0.0375791697821748
0.311576907871720
0.494383332000110
0.413240490604194
0.111470219196463
-0.249813552324130
-0.477722876556475
-0.450577885180996
-0.182871179530331
0.182469710766710
0.450390758969863
0.477849998826710
0.250187053008695
-0.111049750605389
-0.412997540590387
-0.494447610595330
-0.311914096993445
0.0371490940452003
0.366378533714407
0.499999953010841
0.366673415495254
0.0375814214143023
-0.311575141873403
-0.494382994494977
-0.413241761784874
-0.111472420384610
0.249811596333820
0.477722210059445
0.450578864017320
0.182873281103352
-0.182467608478501
-0.450389778369549
-0.477850663452841
-0.250189008020063
0.111047548981463
0.412996267792032
0.494447946164449
0.311915861771041
-0.0371468422667637
-0.366376997150548
-0.499999952026802
-0.366674950616409
-0.0375836730457767
0.311573375868732
0.494382656979762
0.413243032957125
0.111474621570594
-0.249809640338416
-0.477721543552672
-0.450579842844454
-0.182875382672538
0.182465506186570
0.450388797760050
0.477851328069227
0.250190963026328
-0.111045347355162
-0.412994994985253
-0.494448281723484
-0.311917626542274
0.0371445904875695
0.366375460579139
0.499999951032565
0.366676485730086
0.0375859246763712
-0.311571609857706
-0.494382319454463
-0.413244304120949
-0.111476822754305
0.249807684337818
0.477720877036190
0.450580821662399
0.182877484237994
-0.182463403890918
-0.450387817141365
-0.477851992675867
-0.250192918027490
0.111043145726818
0.412993722170051
0.494448617272434
0.311919391307147
-0.0371423387076178
-0.366373924000336
-0.499999950028131
-0.366678020836208
-0.0375881763061991
0.311569843840326
0.494381981919065
0.413245575276345
0.111479023935742
-0.249805728332225
-0.477720210509931
-0.450581800471155
-0.182879585799720
0.182461301591545
0.450386836513445
0.477852657272761
0.250194873023550
-0.111040944096098
-0.412992449346427
-0.494448952811301
-0.311921156065658
0.0371400869269086
0.366372387414060
0.499999949013500