0000000000
0000000011
0000000110
0000001010
0000001100
0000001111
0000010001
0000010011
0000010100
0000010100
0000010100
0000010011
0000010010
0000010000
0000001101
0000001010
0000000111
0000000100
0000000001
1111111101
1111111010
1111110110
1111110011
1111110001
1111101110
1111101101
1111101100
1111101011
1111101011
1111101100
1111101101
1111101111
1111110001
1111110100
1111110111
1111111010
1111111101
0000000001
0000000100
0000001000
0000001011
0000001110
0000010000
0000010010
0000010011
0000010100
0000010100
0000010011
0000010010
0000010001
0000001111
0000001100
0000001001
0000000110
0000000011
1111111111
1111111100
1111111000
1111110101
1111110010
1111110000
1111101110
1111101100
1111101011
1111101011
1111101011
1111101100
1111101110
1111110000
1111110010
1111110101
1111111000
1111111100
1111111111
0000000011
0000000110
0000001001
0000001100
0000001111
0000010001
0000010010
0000010011
0000010100
0000010100
0000010011
0000010010
0000010000
0000001110
0000001011
0000001000
0000000100
0000000001
1111111101
1111111010
1111110111
1111110100
1111110001
1111101111
1111101101
1111101100
1111101011
1111101011
1111101100
1111101101
1111101110
1111110001
1111110011
1111110110
1111111010
1111111101
0000000001
0000000100
0000000111
0000001010
0000001101
0000010000
0000010010
0000010011
0000010100
0000010100
0000010100
0000010011
0000010001
0000001111
0000001100
0000001010
0000000110
0000000011
0000000000
1111111100
1111111001
1111110101
1111110011
1111110000
1111101110
1111101100
1111101011
1111101011
1111101011
1111101100
1111101101
1111101111
1111110010
1111110101
1111111000
1111111011
1111111110
0000000010
0000000101
0000001001
0000001100
0000001110
0000010001
0000010010
0000010011
0000010100
0000010100
0000010011
0000010010
0000010000
0000001110
0000001011
0000001000
0000000101
0000000010
1111111110
1111111011
1111110111
1111110100
1111110001
1111101111
1111101101
1111101100
1111101011
1111101011
1111101100
1111101101
1111101110
1111110000
1111110011
1111110110
1111111001
1111111100
0000000000
0000000011
0000000111
0000001010
0000001101
0000001111
0000010001
0000010011
0000010100
0000010100
0000010100
0000010011
0000010001
0000001111
0000001101
0000001010
0000000111
0000000011
0000000000
1111111100
1111111001
1111110110
1111110011
1111110000
1111101110
1111101101
1111101100
1111101011
1111101011
1111101100
1111101101
1111101111
1111110001
1111110100
1111110111
1111111011
1111111110
0000000010
0000000101
0000001000
0000001011
0000001110
0000010000
0000010010
0000010011
0000010100
0000010100
0000010011
0000010010
0000010001
0000001110
0000001100
0000001001
0000000101
0000000010
1111111110
1111111011
1111111000
1111110101
1111110010
1111101111
1111101101
1111101100
1111101011
1111101011
1111101011
1111101100
1111101110
1111110000
1111110011
1111110101
1111111001
1111111100
0000000000
0000000011
0000000110
0000001010
0000001100
0000001111
0000010001
0000010011
0000010100
0000010100
0000010100
0000010011
0000010010
0000010000
0000001101
0000001010
0000000111
0000000100
0000000001
1111111101
1111111010
1111110110
1111110011
1111110001
1111101110
1111101101
1111101100
1111101011
1111101011
1111101100
1111101101
1111101111
1111110001
1111110100
1111110111
1111111010
1111111101
0000000001
0000000100
0000001000
0000001011
0000001110
0000010000
0000010010
0000010011
0000010100
0000010100
0000010011
0000010010
0000010001
0000001111
0000001100
0000001001
0000000110
0000000011
1111111111
1111111100
1111111000
1111110101
1111110010
1111110000
1111101110
1111101100
1111101011
1111101011
1111101011
1111101100
1111101110
1111110000
1111110010
1111110101
1111111000
1111111100
1111111111
0000000011
0000000110
0000001001
0000001100
0000001111
0000010001
0000010010
0000010011
0000010100
0000010100
0000010011
0000010010
0000010000
0000001110
0000001011
0000001000
0000000100
0000000001
1111111101
1111111010
1111110111
1111110100
1111110001
1111101111
1111101101
1111101100
1111101011
1111101011
1111101100
1111101101
1111101110
1111110001
1111110011
1111110110
1111111010
1111111101
0000000001
0000000100
0000000111
0000001010
0000001101
0000010000
0000010010
0000010011
0000010100
0000010100
0000010100
0000010011
0000010001
0000001111
0000001100
0000001010
0000000110
0000000011
0000000000
1111111100
1111111001
1111110101
1111110011
1111110000
1111101110
1111101100
1111101011
1111101011
1111101011
1111101100
1111101101
1111101111
1111110010
1111110101
1111111000
1111111011
1111111110
0000000010
0000000101
0000001001
0000001100
0000001110
0000010001
0000010010
0000010011
0000010100
0000010100
0000010011
0000010010
0000010000
0000001110
0000001011
0000001000
0000000101
0000000010
1111111110
1111111011
1111110111
1111110100
1111110001
1111101111
1111101101
1111101100
1111101011
1111101011
1111101100
1111101101
1111101110
1111110000
1111110011
1111110110
1111111001
1111111100
0000000000
0000000011
0000000111
0000001010
0000001101
0000001111
0000010001
0000010011
0000010100
0000010100
0000010100
0000010011
0000010001
0000001111
0000001101
0000001010
0000000111
0000000011
0000000000
1111111100
1111111001
1111110110
1111110011
1111110000
1111101110
1111101101
1111101100
1111101011
1111101011
1111101100
1111101101
1111101111
1111110001
1111110100
1111110111
1111111011
1111111110
0000000010
0000000101
0000001000
0000001011
0000001110
0000010000
0000010010
0000010011
0000010100
0000010100
0000010011
0000010010
0000010001
0000001110
0000001100
0000001001
0000000101
0000000010
1111111110
1111111011
1111111000
1111110101
1111110010
1111101111
1111101101
1111101100
1111101011
1111101011
1111101011
1111101100
1111101110
1111110000
1111110011
1111110101
1111111001
1111111100
0000000000
0000000011
0000000110
0000001010
0000001100
0000001111
0000010001
0000010011
0000010100
0000010100
0000010100
0000010011
0000010010
0000010000
0000001101
0000001010
0000000111
0000000100
0000000001
1111111101
1111111010
1111110110
1111110011
1111110001
1111101110
1111101101
1111101100
1111101011
1111101011
1111101100
1111101101
1111101111
1111110001
1111110100
1111110111
1111111010
1111111101
0000000001
0000000100
0000001000
0000001011
0000001110
0000010000
0000010010
0000010011
0000010100
0000010100
0000010011
0000010010
0000010001
0000001111
0000001100
0000001001
0000000110
0000000011
1111111111
1111111100
1111111000
1111110101
1111110010
1111110000
1111101110
1111101100
1111101011
1111101011
1111101011
1111101100
1111101110
1111110000
1111110010
1111110101
1111111000
1111111100
1111111111
0000000011
0000000110
0000001001
0000001100
0000001111
0000010001
0000010010
0000010011
0000010100
0000010100
0000010011
0000010010
0000010000
0000001110
0000001011
0000001000
0000000100
0000000001
1111111101
1111111010
1111110111
1111110100
1111110001
1111101111
1111101101
1111101100
1111101011
1111101011
1111101100
1111101101
1111101110
1111110001
1111110011
1111110110
1111111010
1111111101
0000000001
0000000100
0000000111
0000001010
0000001101
0000010000
0000010010
0000010011
0000010100
0000010100
0000010100
0000010011
0000010001
0000001111
0000001100
0000001010
0000000110
0000000011
0000000000
1111111100
1111111001
1111110101
1111110011
1111110000
1111101110
1111101100
1111101011
1111101011
1111101011
1111101100
1111101101
1111101111
1111110010
1111110101
1111111000
1111111011
1111111110
0000000010
0000000101
0000001001
0000001100
0000001110
0000010001
0000010010
0000010011
0000010100
0000010100
0000010011
0000010010
0000010000
0000001110
0000001011
0000001000
0000000101
0000000010
1111111110
1111111011
1111110111
1111110100
1111110001
1111101111
1111101101
1111101100
1111101011
1111101011
1111101100
1111101101
1111101110
1111110000
1111110011
1111110110
1111111001
1111111100
0000000000
0000000011
0000000111
0000001010
0000001101
0000001111
0000010001
0000010011
0000010100
0000010100
0000010100
0000010011
0000010001
0000001111
0000001101
0000001010
0000000111
0000000011
0000000000
1111111100
1111111001
1111110110
1111110011
1111110000
1111101110
1111101101
1111101100
1111101011
1111101011
1111101100
1111101101
1111101111
1111110001
1111110100
1111110111
1111111011
1111111110
0000000010
0000000101
0000001000
0000001011
0000001110
0000010000
0000010010
0000010011
0000010100
0000010100
0000010011
0000010010
0000010001
0000001110
0000001100
0000001001
0000000101
0000000010
1111111110
1111111011
1111111000
1111110101
1111110010
1111101111
1111101101
1111101100
1111101011
1111101011
1111101011
1111101100
1111101110
1111110000
1111110011
1111110101
1111111001
1111111100
0000000000
0000000011
0000000110
0000001010
0000001100
0000001111
0000010001
0000010011
0000010100
0000010100
0000010100
0000010011
0000010010
0000010000
0000001101
0000001010
0000000111
0000000100
0000000001
1111111101
1111111010
1111110110
1111110011
1111110001
1111101110
1111101101
1111101100
1111101011
1111101011
1111101100
1111101101
1111101111
1111110001
1111110100
1111110111
1111111010
1111111101
0000000001
0000000100
0000001000
0000001011
0000001110
0000010000
0000010010
0000010011
0000010100
0000010100
0000010011
0000010010
0000010001
0000001111
0000001100
0000001001
0000000110
0000000011
1111111111
1111111100
1111111000
1111110101
1111110010
1111110000
1111101110
1111101100
1111101011
1111101011
1111101011
1111101100
1111101110
1111110000
1111110010
1111110101
1111111000
1111111100
1111111111
0000000011
0000000110
0000001001
0000001100
0000001111
0000010001
0000010010
0000010011
0000010100
0000010100
0000010011
0000010010
0000010000
0000001110
0000001011
0000001000
0000000100
0000000001
1111111101
1111111010
1111110111
1111110100
1111110001
1111101111
1111101101
1111101100
1111101011
1111101011
1111101100
1111101101
1111101110
1111110001
1111110011
1111110110
1111111010
1111111101
0000000001
0000000100
0000000111
0000001010
0000001101
0000010000
0000010010
0000010011
0000010100
0000010100
0000010100
0000010011
0000010001
0000001111
0000001100
0000001010
0000000110
0000000011
0000000000
1111111100
1111111001
1111110101
1111110011
1111110000
1111101110
1111101100
1111101011
1111101011
1111101011
1111101100
1111101101
1111101111
1111110010
1111110101
1111111000
1111111011
1111111110
0000000010
0000000101
0000001001
0000001100
0000001110
0000010001
0000010010
0000010011
0000010100
0000010100
0000010011
0000010010
0000010000
0000001110
0000001011
0000001000
0000000101
0000000010
1111111110
1111111011
1111110111
1111110100
1111110001
1111101111
1111101101
1111101100
1111101011
1111101011
1111101100
1111101101
1111101110
1111110000
1111110011
1111110110
1111111001
1111111100
0000000000
0000000011
0000000111
0000001010
0000001101
0000001111
0000010001
0000010011
0000010100
0000010100
0000010100
0000010011
0000010001
0000001111
0000001101
0000001010
0000000111
0000000011
0000000000
1111111100
1111111001
1111110110
1111110011
1111110000
1111101110
1111101101
1111101100
1111101011
1111101011
1111101100
1111101101
1111101111
1111110001
1111110100
1111110111
1111111011
1111111110
0000000010
0000000101
0000001000
0000001011
0000001110
0000010000
0000010010
0000010011
0000010100
0000010100
0000010011
0000010010
0000010001
0000001110
0000001100
0000001001
0000000101
0000000010
1111111110
1111111011
1111111000
1111110101
1111110010
1111101111
1111101101
1111101100
1111101011
1111101011
1111101011
1111101100
1111101110
1111110000
1111110011
1111110101
1111111001
1111111100
0000000000
0000000011
0000000110
0000001010
0000001100
0000001111
0000010001
0000010011
0000010100
0000010100
0000010100
0000010011
0000010010
0000010000
0000001101
0000001010
0000000111
0000000100
0000000001
1111111101
1111111010
1111110110
1111110011
1111110001
1111101110
1111101101
1111101100
1111101011
1111101011
1111101100
1111101101
1111101111
1111110001
1111110100
1111110111
1111111010
1111111101
0000000001
0000000100
0000001000
0000001011
0000001110
0000010000
0000010010
0000010011
0000010100
0000010100
0000010011
0000010010
0000010001
0000001111
0000001100
0000001001
0000000110
0000000011
1111111111
1111111100
1111111000
1111110101
1111110010
1111110000
1111101110
1111101100
1111101011
1111101011
1111101011
1111101100
1111101110
1111110000
1111110010
1111110101
1111111000
1111111100
1111111111
0000000011
0000000110
0000001001
0000001100
0000001111
0000010001
0000010010
0000010011
0000010100
0000010100
0000010011
0000010010
0000010000
0000001110
0000001011
0000001000
0000000100
0000000001
1111111101
1111111010
1111110111
1111110100
1111110001
1111101111
1111101101
1111101100
1111101011
1111101011
1111101100
1111101101
1111101110
1111110001
1111110011
1111110110
1111111010
1111111101
0000000001
0000000100
0000000111
0000001010
0000001101
0000010000
0000010010
0000010011
0000010100
0000010100
0000010100
0000010011
0000010001
0000001111
0000001100
0000001010
0000000110
0000000011
0000000000
1111111100
1111111001
1111110101
1111110011
1111110000
1111101110
1111101100
1111101011
1111101011
1111101011
1111101100
1111101101
1111101111
1111110010
1111110101
1111111000
1111111011
1111111110
0000000010
0000000101
0000001001
0000001100
0000001110
0000010001
0000010010
0000010011
0000010100
0000010100
0000010011
0000010010
0000010000
0000001110
0000001011
0000001000
0000000101
0000000010
1111111110
1111111011
1111110111
1111110100
1111110001
1111101111
1111101101
1111101100
1111101011
1111101011
1111101100
1111101101
1111101110
1111110000
1111110011
1111110110
1111111001
1111111100
0000000000
0000000011
0000000111
0000001010
0000001101
0000001111
0000010001
0000010011
0000010100
0000010100
0000010100
0000010011
0000010001
0000001111
0000001101
0000001010
0000000111
0000000011
0000000000
1111111100
1111111001
1111110110
1111110011
1111110000
1111101110
1111101101
1111101100
1111101011
1111101011
1111101100
1111101101
1111101111
1111110001
1111110100
1111110111
1111111011
1111111110
0000000010
0000000101
0000001000
0000001011
0000001110
0000010000
0000010010
0000010011
0000010100
0000010100
0000010011
0000010010
0000010001
0000001110
0000001100
0000001001
0000000101
0000000010
1111111110
1111111011
1111111000
1111110101
1111110010
1111101111
1111101101
1111101100
1111101011
1111101011
1111101011
1111101100
1111101110
1111110000
1111110011
1111110101
1111111001
1111111100
0000000000
0000000011
0000000110
0000001010
0000001100
0000001111
0000010001
0000010011
0000010100
0000010100
0000010100
0000010011
0000010010
0000010000
0000001101
0000001010
0000000111
0000000100
0000000001
1111111101
1111111010
1111110110
1111110011
1111110001
1111101110
1111101101
1111101100
1111101011
1111101011
1111101100
1111101101
1111101111
1111110001
1111110100
1111110111
1111111010
1111111101
0000000001
0000000100
0000001000
0000001011
0000001110
0000010000
0000010010
0000010011
0000010100
0000010100
0000010011
0000010010
0000010001
0000001111
0000001100
0000001001
0000000110
0000000011
1111111111
1111111100
1111111000
1111110101
1111110010
1111110000
1111101110
1111101100
1111101011
1111101011
1111101011
1111101100
1111101110
1111110000
1111110010
1111110101
1111111000
1111111100
1111111111
0000000011
0000000110
0000001001
0000001100
0000001111
0000010001
0000010010
0000010011
0000010100
0000010100
0000010011
0000010010
0000010000
0000001110
0000001011
0000001000
0000000100
0000000001
1111111101
1111111010
1111110111
1111110100
1111110001
1111101111
1111101101
1111101100
1111101011
1111101011
1111101100
1111101101
1111101110
1111110001
1111110011
1111110110
1111111010
1111111101
0000000001
0000000100
0000000111
0000001010
0000001101
0000010000
0000010010
0000010011
0000010100
0000010100
0000010100
0000010011
0000010001
0000001111
0000001100
0000001010
0000000110
0000000011
0000000000
1111111100
1111111001
1111110101
1111110011
1111110000
1111101110
1111101100
1111101011
1111101011
1111101011
1111101100
1111101101
1111101111
1111110010
1111110101
1111111000
1111111011
1111111110
0000000010
0000000101
0000001001
0000001100
0000001110
0000010001
0000010010
0000010011
0000010100
0000010100
0000010011
0000010010
0000010000
0000001110
0000001011
0000001000
0000000101
0000000010
1111111110
1111111011
1111110111
1111110100
1111110001
1111101111
1111101101
1111101100
1111101011
1111101011
1111101100
1111101101
1111101110
1111110000
1111110011
1111110110
1111111001
1111111100
0000000000
0000000011
0000000111
0000001010
0000001101
0000001111
0000010001
0000010011
0000010100
0000010100
0000010100
0000010011
0000010001
0000001111
0000001101
0000001010
0000000111
0000000011
0000000000
1111111100
1111111001
1111110110
1111110011
1111110000
1111101110
1111101101
1111101100
1111101011
1111101011
1111101100
1111101101
1111101111
1111110001
1111110100
1111110111
1111111011
1111111110
0000000010
0000000101
0000001000
0000001011
0000001110
0000010000
0000010010
0000010011
0000010100
0000010100
0000010011
0000010010
0000010001
0000001110
0000001100
0000001001
0000000101
0000000010
1111111110
1111111011
1111111000
1111110101
1111110010
1111101111
1111101101
1111101100
1111101011
1111101011
1111101011
1111101100
1111101110
1111110000
1111110011
1111110101
1111111001
1111111100
0000000000
0000000011
0000000110
0000001010
0000001100
0000001111
0000010001
0000010011
0000010100
0000010100
0000010100
0000010011
0000010010
0000010000
0000001101
0000001010
0000000111
0000000100
0000000001
1111111101
1111111010
1111110110
1111110011
1111110001
1111101110
1111101101
1111101100
1111101011
1111101011
1111101100
1111101101
1111101111
1111110001
1111110100
1111110111
1111111010
1111111101
0000000001
0000000100
0000001000
0000001011
0000001110
0000010000
0000010010
0000010011
0000010100
0000010100
0000010011
0000010010
0000010001
0000001111
0000001100
0000001001
0000000110
0000000011
1111111111
1111111100
1111111000
1111110101
1111110010
1111110000
1111101110
1111101100
1111101011
1111101011
1111101011
1111101100
1111101110
1111110000
1111110010
1111110101
1111111000
1111111100
1111111111
0000000011
0000000110
0000001001
0000001100
0000001111
0000010001
0000010010
0000010011
0000010100
0000010100
0000010011
0000010010
0000010000
0000001110
0000001011
0000001000
0000000100
0000000001
1111111101
1111111010
1111110111
1111110100
1111110001
1111101111
1111101101
1111101100
1111101011
1111101011
1111101100
1111101101
1111101110
1111110001
1111110011
1111110110
1111111010
1111111101
0000000001
0000000100
0000000111
0000001010
0000001101
0000010000
0000010010
0000010011
0000010100
0000010100
0000010100
0000010011
0000010001
0000001111
0000001100
0000001010
0000000110
0000000011
0000000000
1111111100
1111111001
1111110101
1111110011
1111110000
1111101110
1111101100
1111101011
1111101011
1111101011
1111101100
1111101101
1111101111
1111110010
1111110101
1111111000
1111111011
1111111110
0000000010
0000000101
0000001001
0000001100
0000001110
0000010001
0000010010
0000010011
0000010100
0000010100
0000010011
0000010010
0000010000
0000001110
0000001011
0000001000
0000000101
0000000010
1111111110
1111111011
1111110111
1111110100
1111110001
1111101111
1111101101
1111101100
1111101011
1111101011
1111101100
1111101101
1111101110
1111110000
1111110011
1111110110
1111111001
1111111100
0000000000
0000000011
0000000111
0000001010
0000001101
0000001111
0000010001
0000010011
0000010100
0000010100
0000010100
0000010011
0000010001
0000001111
0000001101
0000001010
0000000111
0000000011
0000000000
1111111100
1111111001
1111110110
1111110011
1111110000
1111101110
1111101101
1111101100
1111101011
1111101011
1111101100
1111101101
1111101111
1111110001
1111110100
1111110111
1111111011
1111111110
0000000010
0000000101
0000001000
0000001011
0000001110
0000010000
0000010010
0000010011
0000010100
0000010100
0000010011
0000010010
0000010001
0000001110
0000001100
0000001001
0000000101
0000000010
1111111110
1111111011
1111111000
1111110101
1111110010
1111101111
1111101101
1111101100
1111101011
1111101011
1111101011
1111101100
1111101110
1111110000
1111110011
1111110101
1111111001
1111111100
0000000000
0000000011
0000000110
0000001010
0000001100
0000001111
0000010001
0000010011
0000010100
0000010100
0000010100
0000010011
0000010010
0000010000
0000001101
0000001010
0000000111
0000000100
0000000001
1111111101
1111111010
1111110110
1111110011
1111110001
1111101110
1111101101
1111101100
1111101011
1111101011
1111101100
1111101101
1111101111
1111110001
1111110100
1111110111
1111111010
1111111101
0000000001
0000000100
0000001000
0000001011
0000001110
0000010000
0000010010
0000010011
0000010100
0000010100
0000010011
0000010010
0000010001
0000001111
0000001100
0000001001
0000000110
0000000011
1111111111
1111111100
1111111000
1111110101
1111110010
1111110000
1111101110
1111101100
1111101011
1111101011
1111101011
1111101100
1111101110
1111110000
1111110010
1111110101
1111111000
1111111100
1111111111
0000000011
0000000110
0000001001
0000001100
0000001111
0000010001
0000010010
0000010011
0000010100
0000010100
0000010011
0000010010
0000010000
0000001110
0000001011
0000001000
0000000100
0000000001
1111111101
1111111010
1111110111
1111110100
1111110001
1111101111
1111101101
1111101100
1111101011
1111101011
1111101100
1111101101
1111101110
1111110001
1111110011
1111110110
1111111010
1111111101
0000000001
0000000100
0000000111
0000001010
0000001101
0000010000
0000010010
0000010011
0000010100
0000010100
0000010100
0000010011
0000010001
0000001111
0000001100
0000001010
0000000110
0000000011
0000000000
1111111100
1111111001
1111110101
1111110011
1111110000
1111101110
1111101100
1111101011
1111101011
1111101011
1111101100
1111101101
1111101111
1111110010
1111110101
1111111000
1111111011
1111111110
0000000010
0000000101
0000001001
0000001100
0000001110
0000010001
0000010010
0000010011
0000010100
0000010100
0000010011
0000010010
0000010000
0000001110
0000001011
0000001000
0000000101
0000000010
1111111110
1111111011
1111110111
1111110100
1111110001
1111101111
1111101101
1111101100
1111101011
1111101011
1111101100
1111101101
1111101110
1111110000
1111110011
1111110110
1111111001
1111111100
0000000000
0000000011
0000000111
0000001010
0000001101
0000001111
0000010001
0000010011
0000010100
0000010100
0000010100
0000010011
0000010001
0000001111
0000001101
0000001010
0000000111
0000000011
0000000000
1111111100
1111111001
1111110110
1111110011
1111110000
1111101110
1111101101
1111101100
1111101011
1111101011
1111101100
1111101101
1111101111
1111110001
1111110100
1111110111
1111111011
1111111110
0000000010
0000000101
0000001000
0000001011
0000001110
0000010000
0000010010
0000010011
0000010100
0000010100
0000010011
0000010010
0000010001
0000001110
0000001100
0000001001
0000000101
0000000010
1111111110
1111111011
1111111000
1111110101
1111110010
1111101111
1111101101
1111101100
1111101011
1111101011
1111101011
1111101100
1111101110
1111110000
1111110011
1111110101
1111111001
1111111100
0000000000
0000000011
0000000110
0000001010
0000001100
0000001111
0000010001
0000010011
0000010100
0000010100
0000010100
0000010011
0000010010
0000010000
0000001101
0000001010
0000000111
0000000100
0000000001
1111111101
1111111010
1111110110
1111110011
1111110001
1111101110
1111101101
1111101100
1111101011
1111101011
1111101100
1111101101
1111101111
1111110001
1111110100
1111110111
1111111010
1111111101
0000000001
0000000100
0000001000
0000001011
0000001110
0000010000
0000010010
0000010011
0000010100
0000010100
0000010011
0000010010
0000010001
0000001111
0000001100
0000001001
0000000110
0000000011
1111111111
1111111100
1111111000
1111110101
1111110010
1111110000
1111101110
1111101100
1111101011
1111101011
1111101011
1111101100
1111101110
1111110000
1111110010
1111110101
1111111000
1111111100
1111111111
0000000011
0000000110
0000001001
0000001100
0000001111
0000010001
0000010010
0000010011
0000010100
0000010100
0000010011
0000010010
0000010000
0000001110
0000001011
0000001000
0000000100
0000000001
1111111101
1111111010
1111110111
1111110100
1111110001
1111101111
1111101101
1111101100
